   68.9523887871955       2.696786014868351E-002
   137.904777574391       1.708098518094555E-002
   206.857166361587       2.027976851369073E-002
   275.809555148782       2.675268567359541E-002
   344.761943935978       3.282090994866553E-002
   413.714332723173       3.811607114469490E-002
   482.666721510369       3.808110380380094E-002
   551.619110297564       4.127992483803504E-002
   620.571499084760       3.680828140337872E-002
   689.523887871955       2.714435084473746E-002
   758.476276659151       2.683787124748562E-002
   827.428665446346       1.803641072652808E-002
   896.381054233542       1.360748648222660E-002
   965.333443020737       1.245061625223195E-002
   1034.28583180793       9.008206158086226E-003
   1103.23822059513       7.166905276736532E-003
   1172.19060938232       5.802435637254751E-003
   1241.14299816952       4.954795332583740E-003
   1310.09538695671       4.222029283113060E-003
   1379.04777574391       3.742779962046981E-003
   1448.00016453111       3.227921279848002E-003
   1516.95255331830       2.969432302173914E-003
   1585.90494210550       2.620171431608039E-003
   1654.85733089269       2.366835889792894E-003
   1723.80971967989       2.091255507757311E-003
   1792.76210846708       1.914591013476128E-003
   1861.71449725428       1.763617763590042E-003
   1930.66688604147       1.600035852447191E-003
   1999.61927482867       1.459922683738563E-003
   2068.57166361587       1.342920700508549E-003
   2137.52405240306       1.241302402660583E-003
   2206.47644119026       1.138633243743304E-003
   2275.42882997745       1.057634618083717E-003
   2344.38121876465       9.831765838931087E-004
   2413.33360755184       9.167237964173773E-004
   2482.28599633904       8.489037957475294E-004
   2551.23838512623       7.907623906298865E-004
   2620.19077391343       7.249070473544858E-004
   2689.14316270062       6.813633064712747E-004
   2758.09555148782       6.309639354892919E-004
   2827.04794027502       5.790455328868745E-004
   2896.00032906221       5.275604951509278E-004
   2964.95271784941       4.801146198137021E-004
   3033.90510663660       4.335340098380698E-004
   3102.85749542380       3.836790243885436E-004
   3171.80988421099       3.464621018982902E-004
   3240.76227299819       2.985588162951173E-004
   3309.71466178538       2.410978274607975E-004
   3378.66705057258       2.173018685791088E-004
   3447.61943935978       2.034530596994428E-004
   3516.57182814697       2.378488431668900E-004
   3585.52421693417       3.181581773279886E-004
   3654.47660572136       2.931814062223090E-004
   3723.42899450856       4.200433013234211E-004
   3792.38138329575       6.302439791240832E-004
   3861.33377208295       7.369213671422542E-004
   3930.28616087014       8.073616136390643E-004
   3999.23854965734       7.050598021905833E-004
   4068.19093844454       6.422153379849220E-004
   4137.14332723173       4.783851114596759E-004
   4206.09571601893       3.449623491289987E-004
   4275.04810480612       3.205192331714503E-004
   4344.00049359332       3.466304164551599E-004
   4412.95288238051       5.551464438500570E-004
   4481.90527116771       7.458039562696806E-004
   4550.85765995490       8.177155103129260E-004
   4619.81004874210       8.613128269937710E-004
   4688.76243752930       8.215560534304233E-004
   4757.71482631649       7.552866350824564E-004
   4826.66721510369       6.066522650908150E-004
   4895.61960389088       5.329436606259523E-004
   4964.57199267808       4.756508719219462E-004
   5033.52438146527       4.341806478228260E-004
   5102.47677025247       4.031726400521456E-004
   5171.42915903966       3.787345828427107E-004
   5240.38154782686       3.585424803091199E-004
   5309.33393661405       3.408188206448606E-004
   5378.28632540125       3.255642997519637E-004
   5447.23871418845       3.088511906861098E-004
   5516.19110297564       2.978877950532402E-004
   5585.14349176284       2.845803277228249E-004
   5654.09588055003       2.745249786407111E-004
   5723.04826933723       2.655280147449246E-004
   5792.00065812442       2.560940543500859E-004
   5860.95304691162       2.471381523945546E-004
   5929.90543569881       2.401413043892669E-004
   5998.85782448601       2.316338733042542E-004
   6067.81021327321       2.257148671758877E-004
   6136.76260206040       2.189381556465146E-004
   6205.71499084760       2.125457334715912E-004
   6274.66737963479       2.062188235830461E-004
   6343.61976842199       2.008062441848191E-004
   6412.57215720918       1.953061932125667E-004
   6481.52454599638       1.905775639210713E-004
   6550.47693478357       1.859066320748741E-004
   6619.42932357077       1.808014835464084E-004
   6688.38171235796       1.768841390849901E-004
   6757.33410114516       1.719478677565256E-004
   6826.28648993236       1.677292401306196E-004
   6895.23887871955       1.636740935766084E-004
   6964.19126750675       1.600232508202604E-004
   7033.14365629394       1.566947691338197E-004
   7102.09604508114       1.530708306289564E-004
   7171.04843386833       1.493990930765315E-004
   7240.00082265553       1.466670960517759E-004
   7308.95321144272       1.435021662179944E-004
   7377.90560022992       1.400212018995119E-004
   7446.85798901711       1.373048688359459E-004
   7515.81037780431       1.334271418607246E-004
   7584.76276659151       1.312956036926212E-004
   7653.71515537870       1.270973537988928E-004
   7722.66754416590       1.265663854025524E-004
   7791.61993295309       1.232565116029907E-004
   7860.57232174029       1.229521985709814E-004
   7929.52471052748       1.201549422918580E-004
   7998.47709931468       1.176448416961603E-004
   8067.42948810187       1.158936485659641E-004
   8136.38187688907       1.138909318535893E-004
   8205.33426567627       1.115596863414269E-004
   8274.28665446346       1.082843867063215E-004
   8343.23904325066       1.063284661470551E-004
   8412.19143203785       1.048716431906865E-004
   8481.14382082505       1.042794503243465E-004
   8550.09620961224       1.025787391897256E-004
   8619.04859839944       1.015046269824850E-004
   8688.00098718664       1.002081759491493E-004
   8756.95337597383       9.879796691475917E-005
   8825.90576476103       9.639887907546698E-005
   8894.85815354822       9.570125617924838E-005
   8963.81054233542       9.370200767979196E-005
   9032.76293112261       9.191182618510112E-005
   9101.71531990981       9.062799490048472E-005
   9170.66770869700       8.858314314094575E-005
   9239.62009748420       8.780869297596426E-005
   9308.57248627139       8.651297847725121E-005
   9377.52487505859       8.467017925639170E-005
   9446.47726384579       8.333601679973469E-005
   9515.42965263298       8.185693721910931E-005
   9584.38204142018       8.069785741116833E-005
   9653.33443020737       7.971800525507392E-005
   9722.28681899457       7.845936614635645E-005
   9791.23920778176       7.720523939052123E-005
   9860.19159656896       7.595233213470039E-005
   9929.14398535615       7.480651041593765E-005
   9998.09637414335       7.381292669095042E-005
   10067.0487629305       7.262760666626999E-005
   10136.0011517177       7.158292994296741E-005
   10204.9535405049       7.056781335390979E-005
   10273.9059292921       6.970005335920516E-005
   10342.8583180793       6.872614158581982E-005
   10411.8107068665       6.793978616290420E-005
   10480.7630956537       6.671666709973116E-005
   10549.7154844409       6.587111142419056E-005
   10618.6678732281       6.503386813321518E-005
   10687.6202620153       6.407392632367674E-005
   10756.5726508025       6.322518487709561E-005
   10825.5250395897       6.231375722158701E-005
   10894.4774283769       6.173175490644594E-005
   10963.4298171641       6.082116165335512E-005
   11032.3822059513       5.981256040984049E-005
   11101.3345947385       5.905772952634440E-005
   11170.2869835257       5.827159781981787E-005
   11239.2393723129       5.788534651399553E-005
   11308.1917611001       5.715767867991304E-005
   11377.1441498873       5.648114246552483E-005
   11446.0965386745       5.547974299934362E-005
   11515.0489274617       5.510580595029624E-005
   11584.0013162488       5.428640781609753E-005
   11652.9537050360       5.342411701059125E-005
   11721.9060938232       5.312034957379835E-005
   11790.8584826104       5.266386413499098E-005
   11859.8108713976       5.166320550387020E-005
   11928.7632601848       5.110099739041918E-005
   11997.7156489720       5.063327003018617E-005
   12066.6680377592       5.003586685559205E-005
   12135.6204265464       4.946265810740224E-005
   12204.5728153336       4.891874973794775E-005
   12273.5252041208       4.847598689254479E-005
   12342.4775929080       4.764189121763439E-005
   12411.4299816952       4.693802141633328E-005
   12480.3823704824       4.655941281060319E-005
   12549.3347592696       4.654642569100786E-005
   12618.2871480568       4.541429948408076E-005
   12687.2395368440       4.502822381951179E-005
   12756.1919256312       4.450964728835113E-005
   12825.1443144184       4.421960417421088E-005
   12894.0967032056       4.361204120228686E-005
   12963.0490919928       4.346881489330684E-005
   13032.0014807800       4.286633096389822E-005
   13100.9538695671       4.242256841217363E-005
   13169.9062583543       4.201583520279583E-005
   13238.8586471415       4.160544755865477E-005
   13307.8110359287       4.119348242100205E-005
   13376.7634247159       4.067787476229657E-005
   13445.7158135031       4.032971232487872E-005
   13514.6682022903       3.985817304797464E-005
   13583.6205910775       3.952799353866217E-005
   13652.5729798647       3.903863161453702E-005
   13721.5253686519       3.866712400091341E-005
   13790.4777574391       3.835372742730179E-005
   13859.4301462263       3.793892875864860E-005
   13928.3825350135       3.753874432636388E-005
   13997.3349238007       3.711223266729726E-005
   14066.2873125879       3.689526871456308E-005
   14135.2397013751       3.640873276786531E-005
   14204.1920901623       3.605375347100471E-005
   14273.1444789495       3.584165603193444E-005
   14342.0968677367       3.545295492474735E-005
   14411.0492565239       3.496160278212301E-005
   14480.0016453111       3.465211826751697E-005
   14548.9540340983       3.435574031520113E-005
   14617.9064228854       3.404907596462817E-005
   14686.8588116726       3.356075023632463E-005
   14755.8112004598       3.320316398168103E-005
   14824.7635892470       3.288305351608421E-005
   14893.7159780342       3.271719860907986E-005
   14962.6683668214       3.252362168142636E-005
   15031.6207556086       3.207187167835524E-005
   15100.5731443958       3.180995093796063E-005
   15169.5255331830       3.155056780092818E-005
   15238.4779219702       3.122581535744714E-005
   15307.4303107574       3.103618377245555E-005
   15376.3826995446       3.062326234396575E-005
   15445.3350883318       3.047743172088742E-005
   15514.2874771190       3.013999457109751E-005
   15583.2398659062       2.996006683074138E-005
   15652.1922546934       2.962715973384260E-005
   15721.1446434806       2.933940115049105E-005
   15790.0970322678       2.916070432542204E-005
   15859.0494210550       2.894572609320219E-005
   15928.0018098422       2.870712687464455E-005
   15996.9541986294       2.843544885795293E-005
   16065.9065874166       2.820995842378782E-005
   16134.8589762037       2.796066185659480E-005
   16203.8113649909       2.781710419523695E-005
   16272.7637537781       2.746080523768673E-005
   16341.7161425653       2.725934290676677E-005
   16410.6685313525       2.703765129961362E-005
   16479.6209201397       2.688053199066876E-005
   16548.5733089269       2.665124880703469E-005
   16617.5256977141       2.645042423235132E-005
   16686.4780865013       2.636587227028359E-005
   16755.4304752885       2.605623279026441E-005
   16824.3828640757       2.576395176989387E-005
   16893.3352528629       2.564101810425958E-005
   16962.2876416501       2.549148906041871E-005
   17031.2400304373       2.516239266008488E-005
   17100.1924192245       2.499435807520594E-005
   17169.1448080117       2.491442420295802E-005
   17238.0971967989       2.473855282360339E-005
   17307.0495855861       2.454993399188479E-005
   17376.0019743733       2.425255701714115E-005
   17444.9543631605       2.406382976138593E-005
   17513.9067519477       2.388480822776729E-005
   17582.8591407349       2.370256910145842E-005
   17651.8115295221       2.349450934244212E-005
   17720.7639183092       2.338237354251273E-005
   17789.7163070964       2.321626548147158E-005
   17858.6686958836       2.309411691625356E-005
   17927.6210846708       2.280900496377785E-005
   17996.5734734580       2.256487020189712E-005
   18065.5258622452       2.237210490084411E-005
   18134.4782510324       2.234825879902769E-005
   18203.4306398196       2.213931142125421E-005
   18272.3830286068       2.204098533105474E-005
   18341.3354173940       2.178924421275581E-005
   18410.2878061812       2.164676554000063E-005
   18479.2401949684       2.149546014420911E-005
   18548.1925837556       2.133419872708158E-005
   18617.1449725428       2.118630591939810E-005
   18686.0973613300       2.095128013603729E-005
   18755.0497501172       2.082127013600918E-005
   18824.0021389044       2.064892374881019E-005
   18892.9545276916       2.051606450237214E-005
   18961.9069164788       2.035270250618547E-005
   19030.8593052660       2.025516140158622E-005
   19099.8116940532       2.003988486900461E-005
   19168.7640828404       1.998892371339433E-005
   19237.7164716275       1.980666869111623E-005
   19306.6688604147       1.965706893211160E-005
   19375.6212492019       1.951529927973877E-005
   19444.5736379891       1.940793391943899E-005
   19513.5260267763       1.933816618650100E-005
   19582.4784155635       1.906026373413987E-005
   19651.4308043507       1.885688607910067E-005
   19720.3831931379       1.879936989354937E-005
   19789.3355819251       1.870090004373069E-005
   19858.2879707123       1.859142365021206E-005
   19927.2403594995       1.845559506462122E-005
   19996.1927482867       1.825159594294341E-005
   20065.1451370739       1.819608236168876E-005
   20134.0975258611       1.824672748696464E-005
   20203.0499146483       1.806926178365443E-005
   20272.0023034355       1.789357444570136E-005
   20340.9546922227       1.781791920328762E-005
   20409.9070810099       1.776034031859839E-005
   20478.8594697971       1.762468648204506E-005
   20547.8118585843       1.745065744526768E-005
   20616.7642473715       1.742375423952551E-005
   20685.7166361587       1.730466970870969E-005
   20754.6690249458       1.718036032600575E-005
   20823.6214137330       1.707022062478727E-005
   20892.5738025202       1.694625833959221E-005
   20961.5261913074       1.684058888549800E-005
   21030.4785800946       1.678464478236742E-005
   21099.4309688818       1.668019796512174E-005
   21168.3833576690       1.662594621050338E-005
   21237.3357464562       1.647348841757426E-005
   21306.2881352434       1.641144168624617E-005
   21375.2405240306       1.635888345278799E-005
   21444.1929128178       1.616335537894043E-005
   21513.1453016050       1.610628984503860E-005
   21582.0976903922       1.591309413775775E-005
   21651.0500791794       1.579493068171574E-005
   21720.0024679666       1.580177204465943E-005
   21788.9548567538       1.576822113570800E-005
   21857.9072455410       1.559947400578556E-005
   21926.8596343282       1.550683825179718E-005
   21995.8120231154       1.538097865778565E-005
   22064.7644119026       1.530064853568117E-005
   22133.7168006898       1.514951731347286E-005
   22202.6691894770       1.510670711654283E-005
   22271.6215782642       1.499844147983090E-005
   22340.5739670513       1.496440908119248E-005
   22409.5263558385       1.487316951811960E-005
   22478.4787446257       1.480494516699421E-005
   22547.4311334129       1.461791242638386E-005
   22616.3835222001       1.453275703981128E-005
   22685.3359109873       1.454771649201464E-005
   22754.2882997745       1.439542522058972E-005
   22823.2406885617       1.427456031994189E-005
   22892.1930773489       1.421928612201317E-005
   22961.1454661361       1.421234051924193E-005
   23030.0978549233       1.400879209340306E-005
   23099.0502437105       1.390864393486521E-005
   23168.0026324977       1.385095740180062E-005
   23236.9550212849       1.374463641342154E-005
   23305.9074100721       1.366783541963986E-005
   23374.8597988593       1.359463448563678E-005
   23443.8121876465       1.351931371447633E-005
   23512.7645764337       1.344766456472900E-005
   23581.7169652209       1.347487731411079E-005
   23650.6693540081       1.332695649594089E-005
   23719.6217427953       1.325906365281637E-005
   23788.5741315825       1.319841612346060E-005
   23857.5265203696       1.315255713974918E-005
   23926.4789091568       1.303274952097420E-005
   23995.4312979440       1.295193052546158E-005
   24064.3836867312       1.295826214772452E-005
   24133.3360755184       1.283976759263354E-005
   24202.2884643056       1.280419195972932E-005
   24271.2408530928       1.268348982096233E-005
   24340.1932418800       1.267448008677080E-005
   24409.1456306672       1.253713900540514E-005
   24478.0980194544       1.253778820150204E-005
   24547.0504082416       1.247191116773802E-005
   24616.0027970288       1.239833129412627E-005
   24684.9551858160       1.237259858783326E-005
   24753.9075746032       1.232735150510253E-005
   24822.8599633904       1.221795783985144E-005
   24891.8123521776       1.210685210263091E-005
   24960.7647409648       1.206756339202442E-005
   25029.7171297520       1.207468576716863E-005
   25098.6695185392       1.200773798843950E-005
   25167.6219073264       1.198451782866828E-005
   25236.5742961136       1.190795698935865E-005
   25305.5266849008       1.185229618784509E-005
   25374.4790736880       1.183088324165697E-005
   25443.4314624751       1.170256934501745E-005
   25512.3838512623       1.166682563859697E-005
   25581.3362400495       1.160867254074194E-005
   25650.2886288367       1.151076606090207E-005
   25719.2410176239       1.148207314681277E-005
   25788.1934064111       1.144792513110726E-005
   25857.1457951983       1.141398954815705E-005
   25926.0981839855       1.132872110496654E-005
   25995.0505727727       1.122398906427692E-005
   26064.0029615599       1.119772961839085E-005
   26132.9553503471       1.116550284359448E-005
   26201.9077391343       1.108429586465585E-005
   26270.8601279215       1.098347440545827E-005
   26339.8125167087       1.100962931375918E-005
   26408.7649054959       1.096891880990352E-005
   26477.7172942831       1.083504234006884E-005
   26546.6696830703       1.074264237587408E-005
   26615.6220718575       1.072988246316407E-005
   26684.5744606447       1.067492179512821E-005
   26753.5268494319       1.059265850960675E-005
   26822.4792382191       1.050069518064507E-005
   26891.4316270063       1.047237417935057E-005
   26960.3840157934       1.045438237687798E-005
   27029.3364045806       1.042107287396803E-005
   27098.2887933678       1.035555484062269E-005
   27167.2411821550       1.031602965059533E-005
   27236.1935709422       1.025221703060863E-005
   27305.1459597294       1.016655024554512E-005
   27374.0983485166       1.017696816049824E-005
   27443.0507373038       1.008275450954967E-005
   27512.0031260910       1.006684797874540E-005
   27580.9555148782       9.978746620975382E-006
   27649.9079036654       9.960494205342588E-006
   27718.8602924526       9.880994857996724E-006
   27787.8126812398       9.874205697521329E-006
   27856.7650700270       9.831574144722677E-006
   27925.7174588142       9.800093659544421E-006
   27994.6698476014       9.749777641012899E-006
   28063.6222363886       9.695095065250407E-006
   28132.5746251758       9.701158995878833E-006
   28201.5270139630       9.571387223938954E-006
   28270.4794027502       9.560927076872093E-006
   28339.4317915374       9.526962992117085E-006
   28408.3841803246       9.508484931319744E-006
   28477.3365691117       9.400094950785786E-006
   28546.2889578989       9.376242724650700E-006
   28615.2413466861       9.340724469405201E-006
   28684.1937354733       9.364610748771192E-006
   28753.1461242605       9.361591939149726E-006
   28822.0985130477       9.300530480196353E-006
   28891.0509018349       9.216863597301641E-006
   28960.0032906221       9.196269590715830E-006
   29028.9556794093       9.203477989271149E-006
   29097.9080681965       9.118744278846987E-006
   29166.8604569837       9.089359075722695E-006
   29235.8128457709       9.118501410716405E-006
   29304.7652345581       9.071294543678767E-006
   29373.7176233453       9.013506984320023E-006
   29442.6700121325       8.936274218204139E-006
   29511.6224009197       8.893226379808880E-006
   29580.5747897069       8.880070820533189E-006
   29649.5271784941       8.859669781840878E-006
   29718.4795672813       8.790251648414621E-006
   29787.4319560685       8.787331479164280E-006
   29856.3843448557       8.760523460648975E-006
   29925.3367336428       8.738849530662846E-006
   29994.2891224300       8.701811737781899E-006
   30063.2415112172       8.618718210081701E-006
   30132.1939000044       8.577279614704833E-006
   30201.1462887916       8.534520415781437E-006
   30270.0986775788       8.479072910465613E-006
   30339.0510663660       8.536470357086488E-006
   30408.0034551532       8.482919658375046E-006
   30476.9558439404       8.383251280176277E-006
   30545.9082327276       8.373627033768321E-006
   30614.8606215148       8.342854231500937E-006
   30683.8130103020       8.287698678923519E-006
   30752.7653990892       8.209663466665820E-006
   30821.7177878764       8.188118926536433E-006
   30890.6701766636       8.176057318373781E-006
   30959.6225654508       8.151818253808315E-006
   31028.5749542380       8.099072652176984E-006
   31097.5273430252       8.084119171930644E-006
   31166.4797318124       7.985026380003094E-006
   31235.4321205996       8.012132322034905E-006
   31304.3845093868       7.983078071591085E-006
   31373.3368981740       7.930540456183981E-006
   31442.2892869612       7.864463056956846E-006
   31511.2416757483       7.843537675941897E-006
   31580.1940645355       7.890196089845219E-006
   31649.1464533227       7.745200206946155E-006
   31718.0988421099       7.670427240668792E-006
   31787.0512308971       7.702444521756542E-006
   31856.0036196843       7.664034375917650E-006
   31924.9560084715       7.657913922508459E-006
   31993.9083972587       7.623405489736715E-006
   32062.8607860459       7.571312763435940E-006
   32131.8131748331       7.550497415003798E-006
   32200.7655636203       7.594516322637120E-006
   32269.7179524075       7.557447009173466E-006
   32338.6703411947       7.512170365729475E-006
   32407.6227299819       7.482348986360149E-006
   32476.5751187691       7.494199027106609E-006
   32545.5275075563       7.431077642849853E-006
   32614.4798963435       7.406981561592453E-006
   32683.4322851307       7.409529154912097E-006
   32752.3846739179       7.362529576885534E-006
   32821.3370627051       7.321420500139032E-006
   32890.2894514923       7.293144515007442E-006
   32959.2418402795       7.302168303177473E-006
   33028.1942290666       7.233537506796907E-006
   33097.1466178538       7.259883592310668E-006
   33166.0990066410       7.219157686649351E-006
   33235.0513954282       7.210691388009608E-006
   33304.0037842154       7.182798017474082E-006
   33372.9561730026       7.161259163646619E-006
   33441.9085617898       7.147016543276964E-006
   33510.8609505770       7.101603139199341E-006
   33579.8133393642       7.102748524504096E-006
   33648.7657281514       7.036593338898721E-006
   33717.7181169386       6.993376240401286E-006
   33786.6705057258       7.030255783973669E-006
   33855.6228945130       7.035141808949499E-006
   33924.5752833002       6.941621933616941E-006
   33993.5276720874       6.962898976944850E-006
   34062.4800608746       6.909026762889366E-006
   34131.4324496618       6.873908741955746E-006
   34200.3848384490       6.824405465320901E-006
   34269.3372272362       6.826952144766321E-006
   34338.2896160234       6.814500966156636E-006
   34407.2420048106       6.796625304924987E-006
   34476.1943935978       6.775544984907142E-006
   34545.1467823850       6.735650947157225E-006
   34614.0991711722       6.674439705832637E-006
   34683.0515599593       6.660395898511421E-006
   34752.0039487465       6.694983240211913E-006
   34820.9563375337       6.633376739364272E-006
   34889.9087263209       6.568601909269928E-006
   34958.8611151081       6.578390696213624E-006
   35027.8135038953       6.596371426101145E-006
   35096.7658926825       6.473684809786956E-006
   35165.7182814697       6.462569277786030E-006
   35234.6706702569       6.488340130712222E-006
   35303.6230590441       6.449753350964524E-006
   35372.5754478313       6.366094735509535E-006
   35441.5278366185       6.339206432539892E-006
   35510.4802254057       6.334499826383138E-006
   35579.4326141929       6.341884760814465E-006
   35648.3850029801       6.329023823227932E-006
   35717.3373917673       6.287936198544203E-006
   35786.2897805545       6.288651188233176E-006
   35855.2421693417       6.245452724477927E-006
   35924.1945581289       6.229358141081936E-006
   35993.1469469161       6.216359677998685E-006
   36062.0993357033       6.191561314687493E-006
   36131.0517244904       6.200029891976427E-006
   36200.0041132776       6.136316912848012E-006
   36268.9565020648       6.132472715314617E-006
   36337.9088908520       6.091252534692067E-006
   36406.8612796392       6.106551909289162E-006
   36475.8136684264       6.063363696113023E-006
   36544.7660572136       6.078847729333959E-006
   36613.7184460008       6.051074087797343E-006
   36682.6708347880       6.007386266204964E-006
   36751.6232235752       6.032505206010220E-006
   36820.5756123624       5.996771548187702E-006
   36889.5280011496       5.985352371300037E-006
   36958.4803899368       5.960161430791228E-006
   37027.4327787240       5.948192688631977E-006
   37096.3851675112       5.928199162603476E-006
   37165.3375562984       5.920198396480795E-006
   37234.2899450856       5.937877156824311E-006
   37303.2423338728       5.919393418283518E-006
   37372.1947226600       5.877341245420593E-006
   37441.1471114472       5.890714458937293E-006
   37510.0995002344       5.842435785835366E-006
   37579.0518890216       5.824331178579563E-006
   37648.0042778087       5.829366041742955E-006
   37716.9566665959       5.766391941351906E-006
   37785.9090553831       5.795683321121799E-006
   37854.8614441703       5.788568571592361E-006
   37923.8138329575       5.779430971020872E-006
   37992.7662217447       5.730265944505774E-006
   38061.7186105319       5.689585400167760E-006
   38130.6709993191       5.692744885778922E-006
   38199.6233881063       5.679490060732601E-006
   38268.5757768935       5.659860456538903E-006
   38337.5281656807       5.603304394139742E-006
   38406.4805544679       5.622403828887023E-006
   38475.4329432551       5.624623048822313E-006
   38544.3853320423       5.579107286021692E-006
   38613.3377208295       5.539968720087837E-006
   38682.2901096167       5.546416023538437E-006
   38751.2424984039       5.516462723862707E-006
   38820.1948871911       5.498408165850638E-006
   38889.1472759783       5.457455945495563E-006
   38958.0996647655       5.480784004314614E-006
   39027.0520535527       5.454269486996742E-006
   39096.0044423399       5.398028080472278E-006
   39164.9568311270       5.411717582000170E-006
   39233.9092199142       5.411492360460595E-006
   39302.8616087014       5.364097744485974E-006
   39371.8139974886       5.317708202141579E-006
   39440.7663862758       5.334630092911032E-006
   39509.7187750630       5.322992002812671E-006
   39578.6711638502       5.292649631842368E-006
   39647.6235526374       5.254527537415274E-006
   39716.5759414246       5.242368765308263E-006
   39785.5283302118       5.217246274395264E-006
   39854.4807189990       5.246479223421843E-006
   39923.4331077862       5.221653052276309E-006
   39992.3854965734       5.207092335349556E-006
   40061.3378853606       5.176546588802290E-006
   40130.2902741478       5.153838961827014E-006
   40199.2426629350       5.182544558913645E-006
   40268.1950517222       5.088627406011384E-006
   40337.1474405094       5.082872444410108E-006
   40406.0998292966       5.120587668202774E-006
   40475.0522180838       5.113471581310540E-006
   40544.0046068710       5.058428206676483E-006
   40612.9569956582       5.051534009100706E-006
   40681.9093844454       5.024849503197302E-006
   40750.8617732325       5.048797625800793E-006
   40819.8141620197       5.053077847922453E-006
   40888.7665508069       5.043745956127400E-006
   40957.7189395941       5.016422888327311E-006
   41026.6713283813       4.996604924833468E-006
   41095.6237171685       5.021041881872189E-006
   41164.5761059557       4.989432814985076E-006
   41233.5284947429       4.987511001088294E-006
   41302.4808835301       4.992941988541811E-006
   41371.4332723173       4.969323752204207E-006
   41440.3856611045       4.932310630277397E-006
   41509.3380498917       4.925985321077517E-006
   41578.2904386789       4.912416342423818E-006
   41647.2428274661       4.901708363867446E-006
   41716.1952162533       4.913211427811872E-006
   41785.1476050405       4.882921058721074E-006
   41854.0999938277       4.880760095645670E-006
   41923.0523826149       4.862375068924016E-006
   41992.0047714021       4.864724187685024E-006
   42060.9571601893       4.881905392947189E-006
   42129.9095489765       4.852918026716213E-006
   42198.8619377636       4.841286225529315E-006
   42267.8143265508       4.783014401788240E-006
   42336.7667153380       4.762070055267109E-006
   42405.7191041252       4.817265723821442E-006
   42474.6714929124       4.809440801816736E-006
   42543.6238816996       4.709999337350168E-006
   42612.5762704868       4.735269753874165E-006
   42681.5286592740       4.732106873788309E-006
   42750.4810480612       4.692377575885398E-006
   42819.4334368484       4.655329370731206E-006
   42888.3858256356       4.659927150483404E-006
   42957.3382144228       4.675338406673939E-006
   43026.2906032100       4.650477406033328E-006
   43095.2429919972       4.631109020336464E-006
   43164.1953807844       4.617208380455309E-006
   43233.1477695716       4.576487602655535E-006
   43302.1001583588       4.586482667322479E-006
   43371.0525471460       4.600155667536040E-006
   43440.0049359332       4.561107635669556E-006
   43508.9573247204       4.521775453727651E-006
   43577.9097135076       4.509002010023894E-006
   43646.8621022948       4.548109232714387E-006
   43715.8144910820       4.465832123638135E-006
   43784.7668798692       4.446704700755475E-006
   43853.7192686563       4.486187450214345E-006
   43922.6716574435       4.456626561652362E-006
   43991.6240462307       4.442096667545074E-006
   44060.5764350179       4.433331194242344E-006
   44129.5288238051       4.417006817964901E-006
   44198.4812125923       4.401837177181113E-006
   44267.4336013795       4.407844057916330E-006
   44336.3859901667       4.397722979769445E-006
   44405.3383789539       4.402472695815500E-006
   44474.2907677411       4.370754752798409E-006
   44543.2431565283       4.388479943876654E-006
   44612.1955453155       4.356530150604503E-006
   44681.1479341027       4.363099792680453E-006
   44750.1003228899       4.354647960571823E-006
   44819.0527116771       4.324049266630011E-006
   44888.0051004643       4.306447576986996E-006
   44956.9574892515       4.305909680794826E-006
   45025.9098780387       4.327005620613887E-006
   45094.8622668259       4.274830796541848E-006
   45163.8146556131       4.303462922298424E-006
   45232.7670444003       4.287153380750315E-006
   45301.7194331874       4.266839971884609E-006
   45370.6718219746       4.265265772270228E-006
   45439.6242107618       4.270191439420941E-006
   45508.5765995490       4.263948612138550E-006
   45577.5289883362       4.255347377577434E-006
   45646.4813771234       4.255698158898063E-006
   45715.4337659106       4.241668267859139E-006
   45784.3861546978       4.229443659885578E-006
   45853.3385434850       4.249402266782826E-006
   45922.2909322722       4.238661834048455E-006
   45991.2433210594       4.175574016347247E-006
   46060.1957098466       4.214709124753118E-006
   46129.1480986338       4.190559858383088E-006
   46198.1004874210       4.165864924085713E-006
   46267.0528762082       4.155457263591476E-006
   46336.0052649954       4.145807634849085E-006
   46404.9576537826       4.167138220399412E-006
   46473.9100425698       4.136982423785298E-006
   46542.8624313570       4.137070798831015E-006
   46611.8148201442       4.099958097356234E-006
   46680.7672089314       4.093002278286481E-006
   46749.7195977186       4.090110978274199E-006
   46818.6719865058       4.104719378719416E-006
   46887.6243752930       4.075013348838527E-006
   46956.5767640801       4.036841210058111E-006
   47025.5291528673       4.050071368534502E-006
   47094.4815416545       4.050925371504954E-006
   47163.4339304417       3.995333336773397E-006
   47232.3863192289       3.996490694621928E-006
   47301.3387080161       4.030669648657657E-006
   47370.2910968033       4.009760633918188E-006
   47439.2434855905       3.958189905191269E-006
   47508.1958743777       3.940438909260514E-006
   47577.1482631649       3.940599870145091E-006
   47646.1006519521       3.946844929228768E-006
   47715.0530407393       3.913566589453320E-006
   47784.0054295265       3.912273731959538E-006
   47852.9578183137       3.930219197720856E-006
   47921.9102071009       3.892365793149057E-006
   47990.8625958881       3.877705178521612E-006
   48059.8149846753       3.897326292247284E-006
   48128.7673734625       3.886868373666660E-006
   48197.7197622497       3.868433310973099E-006
   48266.6721510369       3.836110527071640E-006
   48335.6245398241       3.831535846581129E-006
   48404.5769286112       3.832342150979043E-006
   48473.5293173984       3.842981646906981E-006
   48542.4817061856       3.825325417460891E-006
   48611.4340949728       3.832523675439143E-006
   48680.3864837600       3.822084188141911E-006
   48749.3388725472       3.786946487607656E-006
   48818.2912613344       3.802249924413668E-006
   48887.2436501216       3.778420601136959E-006
   48956.1960389088       3.795809022670825E-006
   49025.1484276960       3.805167398877382E-006
   49094.1008164832       3.798496932398719E-006
   49163.0532052704       3.764529861621305E-006
   49232.0055940576       3.772975037622407E-006
   49300.9579828448       3.771870460151214E-006
   49369.9103716320       3.774329776678695E-006
   49438.8627604192       3.746454777304633E-006
   49507.8151492064       3.758231832672604E-006
   49576.7675379936       3.742747288263402E-006
   49645.7199267808       3.727747873771505E-006
   49714.6723155680       3.749590612798901E-006
   49783.6247043552       3.713681265068687E-006
   49852.5770931424       3.739269866507683E-006
   49921.5294819296       3.729877560760081E-006
   49990.4818707168       3.724846770110067E-006
   50059.4342595039       3.696023020529109E-006
   50128.3866482911       3.694476167890508E-006
   50197.3390370783       3.684431297092212E-006
   50266.2914258655       3.681364089181309E-006
   50335.2438146527       3.676683026487676E-006
   50404.1962034399       3.652244689342092E-006
   50473.1485922271       3.655967947978843E-006
   50542.1009810143       3.645468084533533E-006
   50611.0533698015       3.655424316294914E-006
   50680.0057585887       3.650007344412905E-006
   50748.9581473759       3.645139107614379E-006
   50817.9105361631       3.625691965564301E-006
   50886.8629249503       3.620844018250472E-006
   50955.8153137375       3.603160806436031E-006
   51024.7677025247       3.631575402444118E-006
   51093.7200913119       3.601937605612144E-006
   51162.6724800991       3.537270419623766E-006
   51231.6248688863       3.562330199118305E-006
   51300.5772576735       3.577922228215799E-006
   51369.5296464607       3.542818786131093E-006
   51438.4820352479       3.515614278235240E-006
   51507.4344240350       3.524249882513268E-006
   51576.3868128222       3.538593586501694E-006
   51645.3392016094       3.500970728842790E-006
   51714.2915903966       3.486717649048961E-006
   51783.2439791838       3.481111935476685E-006
   51852.1963679710       3.476971374620311E-006
   51921.1487567582       3.494566310154489E-006
   51990.1011455454       3.481504526826375E-006
   52059.0535343326       3.464509363378711E-006
   52128.0059231198       3.450282947612214E-006
   52196.9583119070       3.432874192715265E-006
   52265.9107006942       3.451504870464716E-006
   52334.8630894814       3.403089267054264E-006
   52403.8154782686       3.393921865368442E-006
   52472.7678670558       3.433966742061878E-006
   52541.7202558430       3.423946815851167E-006
   52610.6726446302       3.413910241966696E-006
   52679.6250334174       3.412705668038827E-006
   52748.5774222046       3.381818866074603E-006
   52817.5298109918       3.382055900768318E-006
   52886.4821997790       3.389658149725437E-006
   52955.4345885662       3.393038357090068E-006
   53024.3869773534       3.388338326589041E-006
   53093.3393661405       3.373543898711984E-006
   53162.2917549277       3.395415139749085E-006
   53231.2441437149       3.379583008583409E-006
   53300.1965325021       3.382635390371667E-006
   53369.1489212893       3.366770509468798E-006
   53438.1013100765       3.358384451198011E-006
   53507.0536988637       3.335462345382319E-006
   53576.0060876509       3.359034794611037E-006
   53644.9584764381       3.353762471239923E-006
   53713.9108652253       3.331307999476440E-006
   53782.8632540125       3.347670564324122E-006
   53851.8156427997       3.343474437557291E-006
   53920.7680315869       3.331877969042281E-006
   53989.7204203741       3.310665690489487E-006
   54058.6728091613       3.333558576781632E-006
   54127.6251979485       3.352660919050289E-006
   54196.5775867357       3.342520794995370E-006
   54265.5299755229       3.340714982097210E-006
   54334.4823643101       3.305975700717531E-006
   54403.4347530973       3.298309994171190E-006
   54472.3871418845       3.320590561429555E-006
   54541.3395306717       3.320784178896628E-006
   54610.2919194588       3.250037038165797E-006
   54679.2443082460       3.278378550167314E-006
   54748.1966970332       3.275813070313019E-006
   54817.1490858204       3.255172445097017E-006
   54886.1014746076       3.235705490037732E-006
   54955.0538633948       3.249900391174384E-006
   55024.0062521820       3.260890818949645E-006
   55092.9586409692       3.232823760376187E-006
   55161.9110297564       3.232309712089626E-006
   55230.8634185436       3.216573420333491E-006
   55299.8158073308       3.215500680408003E-006
   55368.7681961180       3.203986484420085E-006
   55437.7205849052       3.226296110402465E-006
   55506.6729736924       3.197519852368182E-006
   55575.6253624796       3.179877009694863E-006
   55644.5777512668       3.171833431460799E-006
   55713.5301400540       3.179817770270022E-006
   55782.4825288412       3.146047161009063E-006
   55851.4349176284       3.152134196127647E-006
   55920.3873064156       3.179194403088738E-006
   55989.3396952028       3.156886355353598E-006
   56058.2920839900       3.135877885677421E-006
   56127.2444727772       3.135578780653753E-006
   56196.1968615643       3.124444396620317E-006
   56265.1492503515       3.115737988989555E-006
   56334.1016391387       3.108100224452665E-006
   56403.0540279259       3.100036118275032E-006
   56472.0064167131       3.118854004674847E-006
   56540.9588055003       3.098748900407010E-006
   56609.9111942875       3.105775342779718E-006
   56678.8635830747       3.096931462592839E-006
   56747.8159718619       3.101552502437718E-006
   56816.7683606491       3.086144438896627E-006
   56885.7207494363       3.070661687234527E-006
   56954.6731382235       3.066526052657162E-006
   57023.6255270107       3.078799959317658E-006
   57092.5779157979       3.083275126616024E-006
   57161.5303045851       3.054332563854297E-006
   57230.4826933723       3.069518555705678E-006
   57299.4350821595       3.072730372489888E-006
   57368.3874709467       3.044593192134895E-006
   57437.3398597339       3.043834947919842E-006
   57506.2922485211       3.063187289841610E-006
   57575.2446373083       3.065760896828839E-006
   57644.1970260955       3.058857536166177E-006
   57713.1494148826       3.056369343850647E-006
   57782.1018036698       3.065055747019396E-006
   57851.0541924570       3.067765283166291E-006
   57920.0065812442       3.068564545545735E-006
   57988.9589700314       3.049200557735938E-006
   58057.9113588186       3.016692651509797E-006
   58126.8637476058       3.041297254028464E-006
   58195.8161363930       3.033186680832477E-006
   58264.7685251802       3.023469532947453E-006
   58333.7209139674       3.027420269864974E-006
   58402.6733027546       3.009498995068141E-006
   58471.6256915418       3.031135163357905E-006
   58540.5780803290       3.004372313072178E-006
   58609.5304691162       3.014462229301581E-006
   58678.4828579034       2.991370804906610E-006
   58747.4352466906       3.001240778410454E-006
   58816.3876354778       2.993605638965968E-006
   58885.3400242650       2.992725287993526E-006
   58954.2924130522       2.978428379008750E-006
   59023.2448018394       2.966263719303769E-006
   59092.1971906266       2.972225648505206E-006
   59161.1495794137       2.958680917267633E-006
   59230.1019682009       2.956078348662440E-006
   59299.0543569881       2.949519762808817E-006
   59368.0067457753       2.965950419900145E-006
   59436.9591345625       2.953334222373752E-006
   59505.9115233497       2.945534440488191E-006
   59574.8639121369       2.934135016609321E-006
   59643.8163009241       2.928324948490656E-006
   59712.7686897113       2.917813642729038E-006
   59781.7210784985       2.891665533850366E-006
   59850.6734672857       2.900264228752132E-006
   59919.6258560729       2.916074558397836E-006
   59988.5782448601       2.894457590535618E-006
   60057.5306336473       2.879304568175319E-006
   60126.4830224345       2.899580430656452E-006
   60195.4354112217       2.892819886772372E-006
   60264.3878000089       2.864635789141996E-006
   60333.3401887961       2.856148277793130E-006
   60402.2925775833       2.853833473479318E-006
   60471.2449663705       2.870747883243707E-006
   60540.1973551577       2.869669710991539E-006
   60609.1497439449       2.861034877362540E-006
   60678.1021327320       2.858118283417596E-006
   60747.0545215192       2.862346169241498E-006
   60816.0069103064       2.838604286440881E-006
   60884.9592990936       2.837691275676276E-006
   60953.9116878808       2.826816237898036E-006
   61022.8640766680       2.842025719256875E-006
   61091.8164654552       2.855650824270729E-006
   61160.7688542424       2.853652962959212E-006
   61229.7212430296       2.831875379359882E-006
   61298.6736318168       2.841272262023898E-006
   61367.6260206040       2.820672662063020E-006
   61436.5784093912       2.828063988708750E-006
   61505.5307981784       2.823359707930293E-006
   61574.4831869656       2.822655943165593E-006
   61643.4355757528       2.819969367026668E-006
   61712.3879645400       2.817066328422010E-006
   61781.3403533272       2.832288059921621E-006
   61850.2927421144       2.820226201919476E-006
   61919.2451309016       2.824910398727526E-006
   61988.1975196888       2.815402401291184E-006
   62057.1499084760       2.819031544597964E-006
   62126.1022972632       2.803233492794559E-006
   62195.0546860504       2.819047321980081E-006
   62264.0070748375       2.798409953433289E-006
   62332.9594636247       2.798895795790911E-006
   62401.9118524119       2.801360728561469E-006
   62470.8642411991       2.799185169708316E-006
   62539.8166299863       2.793005800100932E-006
   62608.7690187735       2.772606188694340E-006
   62677.7214075607       2.804006792856800E-006
   62746.6737963479       2.813760560118101E-006
   62815.6261851351       2.798575070209969E-006
   62884.5785739223       2.789414126206770E-006
   62953.5309627095       2.781907963268696E-006
   63022.4833514967       2.778925754283367E-006
   63091.4357402839       2.794747897593683E-006
   63160.3881290711       2.777230410114764E-006
   63229.3405178583       2.733051899334796E-006
   63298.2929066455       2.744483837763952E-006
   63367.2452954327       2.757175687020351E-006
   63436.1976842199       2.742688548089491E-006
   63505.1500730071       2.725569469643450E-006
   63574.1024617943       2.731736438291707E-006
   63643.0548505815       2.740571151996556E-006
   63712.0072393686       2.716082751981058E-006
   63780.9596281558       2.714028163817604E-006
   63849.9120169430       2.714967069514683E-006
   63918.8644057302       2.715606424429180E-006
   63987.8167945174       2.714894095988459E-006
   64056.7691833046       2.713979703808177E-006
   64125.7215720918       2.696916826699629E-006
   64194.6739608790       2.695268163548933E-006
   64263.6263496662       2.682289244282159E-006
   64332.5787384534       2.688346784787925E-006
   64401.5311272406       2.674496050394146E-006
   64470.4835160278       2.664509317063610E-006
   64539.4359048150       2.683126735857841E-006
   64608.3882936022       2.672567791061140E-006
   64677.3406823894       2.685483600519151E-006
   64746.2930711766       2.687821195446897E-006
   64815.2454599638       2.662635190251618E-006
   64884.1978487510       2.648885426009238E-006
   64953.1502375382       2.663044231986617E-006
   65022.1026263254       2.658584856258059E-006
   65091.0550151126       2.663970320085188E-006
   65160.0074038998       2.658779454338731E-006
   65228.9597926870       2.670887533428454E-006
   65297.9121814742       2.659172104015647E-006
   65366.8645702613       2.659734485930789E-006
   65435.8169590485       2.646608707983866E-006
   65504.7693478357       2.644379175025976E-006
   65573.7217366229       2.636839357502710E-006
   65642.6741254101       2.657834216137252E-006
   65711.6265141973       2.653922723723783E-006
   65780.5789029845       2.631092566223657E-006
   65849.5312917717       2.644344993129575E-006
   65918.4836805589       2.651005541323473E-006
   65987.4360693461       2.640755815377090E-006
   66056.3884581333       2.620655975394237E-006
   66125.3408469205       2.648403444345387E-006
   66194.2932357077       2.652045971749415E-006
   66263.2456244949       2.643626636427242E-006
   66332.1980132821       2.646278025644390E-006
   66401.1504020693       2.644905427614273E-006
   66470.1027908565       2.642675532957076E-006
   66539.0551796437       2.640652833391513E-006
   66608.0075684309       2.635701431792157E-006
   66676.9599572181       2.609494258223901E-006
   66745.9123460053       2.623894928687977E-006
   66814.8647347925       2.619370282647379E-006
   66883.8171235796       2.615749279439895E-006
   66952.7695123668       2.606672346691348E-006
   67021.7219011540       2.614629491335954E-006
   67090.6742899412       2.615405127839228E-006
   67159.6266787284       2.595226640432534E-006
   67228.5790675156       2.604812495941980E-006
   67297.5314563028       2.595424913405746E-006
   67366.4838450900       2.604484448980174E-006
   67435.4362338772       2.588763995388271E-006
   67504.3886226644       2.602777623449293E-006
   67573.3410114516       2.584160967626415E-006
   67642.2934002388       2.581454520640941E-006
   67711.2457890260       2.582038473587287E-006
   67780.1981778132       2.572158568458386E-006
   67849.1505666004       2.564669940937200E-006
   67918.1029553876       2.571920584341644E-006
   67987.0553441748       2.582510717136720E-006
   68056.0077329620       2.573103607936935E-006
   68124.9601217492       2.556392805033745E-006
   68193.9125105364       2.557145343184309E-006
   68262.8648993236       2.544086158147538E-006
   68331.8172881107       2.545001711858286E-006
   68400.7696768980       2.542016091837877E-006
   68469.7220656851       2.531614559881901E-006
   68538.6744544723       2.545104135559877E-006
   68607.6268432595       2.538031529008278E-006
   68676.5792320467       2.534819313015275E-006
   68745.5316208339       2.542989446069203E-006
   68814.4840096211       2.534112752208565E-006
   68883.4363984083       2.527423842700158E-006
   68952.3887871955       2.519563836909554E-006
   69021.3411759827       2.524658924500023E-006
   69090.2935647699       2.533461544112767E-006
   69159.2459535571       2.525430229094612E-006
   69228.1983423443       2.518158660548419E-006
   69297.1507311315       2.521993314907816E-006
   69366.1031199187       2.530365103136771E-006
   69435.0555087059       2.512425324558545E-006
   69504.0078974931       2.507112817590573E-006
   69572.9602862803       2.523726916769640E-006
   69641.9126750675       2.530612862830325E-006
   69710.8650638547       2.520202294783057E-006
   69779.8174526419       2.518728430688223E-006
   69848.7698414290       2.524314204603651E-006
   69917.7222302163       2.531269489143517E-006
   69986.6746190034       2.525612320052570E-006
   70055.6270077906       2.515076507165425E-006
   70124.5793965778       2.509581515534950E-006
   70193.5317853650       2.511006242001482E-006
   70262.4841741522       2.507681563001787E-006
   70331.4365629394       2.511263458537576E-006
   70400.3889517266       2.518021095243447E-006
   70469.3413405138       2.501358550927616E-006
   70538.2937293010       2.509888188869672E-006
   70607.2461180882       2.502298467626558E-006
   70676.1985068754       2.509479863119018E-006
   70745.1508956626       2.502030930675312E-006
   70814.1032844498       2.507683531287223E-006
   70883.0556732370       2.497293947168658E-006
   70952.0080620242       2.494362956572041E-006
   71020.9604508114       2.489897648006018E-006
   71089.9128395986       2.489422551967589E-006
   71158.8652283858       2.490004344136828E-006
   71227.8176171730       2.477998190049825E-006
   71296.7700059602       2.494776244379205E-006
   71365.7223947474       2.485408737711510E-006
   71434.6747835345       2.480966029203325E-006
   71503.6271723218       2.473816454860418E-006
   71572.5795611089       2.489734088217918E-006
   71641.5319498961       2.483810667558623E-006
   71710.4843386833       2.480426476425625E-006
   71779.4367274705       2.463809666191955E-006
   71848.3891162577       2.454823712566924E-006
   71917.3415050449       2.458385099897301E-006
   71986.2938938321       2.465956069520617E-006
   72055.2462826193       2.460184641599600E-006
   72124.1986714065       2.448799109523943E-006
   72193.1510601937       2.455321122514584E-006
   72262.1034489809       2.452086318843608E-006
   72331.0558377681       2.436033102528942E-006
   72400.0082265553       2.436988084615951E-006
   72468.9606153425       2.439062800001537E-006
   72537.9130041297       2.446475482688277E-006
   72606.8653929169       2.446760380023394E-006
   72675.8177817041       2.439050695358274E-006
   72744.7701704913       2.434664385073270E-006
   72813.7225592785       2.440797030334209E-006
   72882.6749480657       2.432309990142527E-006
   72951.6273368528       2.428187910689581E-006
   73020.5797256401       2.422503977778439E-006
   73089.5321144272       2.421242846798364E-006
   73158.4845032144       2.430630740487565E-006
   73227.4368920016       2.431678223646631E-006
   73296.3892807888       2.430096713556131E-006
   73365.3416695760       2.432502383400378E-006
   73434.2940583632       2.411225390030798E-006
   73503.2464471504       2.415315250307104E-006
   73572.1988359376       2.427994232866755E-006
   73641.1512247248       2.422269307709453E-006
   73710.1036135120       2.419061167304885E-006
   73779.0560022992       2.422322549353232E-006
   73848.0083910864       2.428953997008394E-006
   73916.9607798736       2.428069594899645E-006
   73985.9131686608       2.421072730436172E-006
   74054.8655574480       2.417576917945349E-006
   74123.8179462352       2.420668883455463E-006
   74192.7703350224       2.416255861146413E-006
   74261.7227238096       2.428177164580411E-006
   74330.6751125968       2.413861504270666E-006
   74399.6275013840       2.414054714094913E-006
   74468.5798901712       2.416973980743000E-006
   74537.5322789583       2.422495785923806E-006
   74606.4846677455       2.419054506969051E-006
   74675.4370565327       2.402079924385981E-006
   74744.3894453199       2.421459281517013E-006
   74813.3418341071       2.432729121905947E-006
   74882.2942228943       2.419048752229077E-006
   74951.2466116815       2.419275015858810E-006
   75020.1990004687       2.408486485396713E-006
   75089.1513892559       2.408854799498516E-006
   75158.1037780431       2.412940587714772E-006
   75227.0561668303       2.412885811082367E-006
   75296.0085556175       2.396852238246934E-006
   75364.9609444047       2.395877372009980E-006
   75433.9133331919       2.398209365260806E-006
   75502.8657219791       2.397514478110439E-006
   75571.8181107663       2.389238519113602E-006
   75640.7704995535       2.395216821414866E-006
   75709.7228883407       2.392749933241518E-006
   75778.6752771279       2.388117207801123E-006
   75847.6276659151       2.390159919555248E-006
   75916.5800547023       2.392011276279706E-006
   75985.5324434894       2.389713591671634E-006
   76054.4848322766       2.380757735961423E-006
   76123.4372210638       2.389018478516602E-006
   76192.3896098510       2.378774724013427E-006
   76261.3419986382       2.380103596879493E-006
   76330.2943874254       2.375132533887778E-006
   76399.2467762126       2.375443676137076E-006
   76468.1991649998       2.374816473681301E-006
   76537.1515537870       2.371927258148037E-006
   76606.1039425742       2.372202445024346E-006
   76675.0563313614       2.365533093019946E-006
   76744.0087201486       2.373818155647655E-006
   76812.9611089358       2.376645082815182E-006
   76881.9134977230       2.367979135464426E-006
   76950.8658865102       2.358284254204661E-006
   77019.8182752974       2.368555520094616E-006
   77088.7706640846       2.359969334048160E-006
   77157.7230528718       2.364824455114392E-006
   77226.6754416590       2.365042347998597E-006
   77295.6278304462       2.369214806656457E-006
   77364.5802192334       2.360350017611832E-006
   77433.5326080206       2.360444319282365E-006
   77502.4849968077       2.358767566197833E-006
   77571.4373855950       2.357527385003055E-006
   77640.3897743821       2.359944366070480E-006
   77709.3421631693       2.363082874157546E-006
   77778.2945519565       2.363512235674841E-006
   77847.2469407437       2.350418417449246E-006
   77916.1993295309       2.355905416718418E-006
   77985.1517183181       2.361174732346812E-006
   78054.1041071053       2.355236529160557E-006
   78123.0564958925       2.350039846530323E-006
   78192.0088846797       2.364860668790231E-006
   78260.9612734669       2.356757101916244E-006
   78329.9136622541       2.350149112883068E-006
   78398.8660510413       2.351512888782286E-006
   78467.8184398285       2.367120719325833E-006
   78536.7708286157       2.366075144861943E-006
   78605.7232174029       2.360855460951896E-006
   78674.6756061901       2.352313236608956E-006
   78743.6279949773       2.352739140919565E-006
   78812.5803837645       2.357319737790613E-006
   78881.5327725517       2.351812439693880E-006
   78950.4851613389       2.354354719732296E-006
   79019.4375501261       2.352487684716862E-006
   79088.3899389133       2.350958589935492E-006
   79157.3423277004       2.350499733426835E-006
   79226.2947164877       2.343248058583951E-006
   79295.2471052748       2.349525223185378E-006
   79364.1994940620       2.345524972571365E-006
   79433.1518828492       2.349979054617339E-006
   79502.1042716364       2.346219751365608E-006
   79571.0566604236       2.345911724478336E-006
   79640.0090492108       2.341262374099375E-006
   79708.9614379980       2.342309079771311E-006
   79777.9138267852       2.346191383087541E-006
   79846.8662155724       2.337716646913963E-006
   79915.8186043596       2.336976265038962E-006
   79984.7709931468       2.335909429041958E-006
   80053.7233819340       2.339575369820041E-006
   80122.6757707212       2.339807915287845E-006
   80191.6281595084       2.334016188254831E-006
   80260.5805482956       2.331415020890644E-006
   80329.5329370828       2.323933590032779E-006
   80398.4853258700       2.329026453365383E-006
   80467.4377146572       2.331360084060686E-006
   80536.3901034444       2.327115663369796E-006
   80605.3424922316       2.328525811669476E-006
   80674.2948810188       2.328806344062260E-006
   80743.2472698059       2.324466395092554E-006
   80812.1996585931       2.333913820144908E-006
   80881.1520473803       2.324775082570599E-006
   80950.1044361675       2.323716566107189E-006
   81019.0568249547       2.322659098609392E-006
   81088.0092137419       2.324448541008211E-006
   81156.9616025291       2.328044280835442E-006
   81225.9139913163       2.321909029548283E-006
   81294.8663801035       2.325534785585553E-006
   81363.8187688907       2.324545420889121E-006
   81432.7711576779       2.328353177467428E-006
   81501.7235464651       2.323995256393322E-006
   81570.6759352523       2.320745603457928E-006
   81639.6283240395       2.322074244269159E-006
   81708.5807128267       2.330698856413505E-006
   81777.5331016139       2.326459196916207E-006
   81846.4854904011       2.326775245808548E-006
   81915.4378791883       2.317559242493659E-006
   81984.3902679755       2.321395133650345E-006
   82053.3426567627       2.320130538599098E-006
   82122.2950455499       2.324177265330995E-006
   82191.2474343370       2.324427691885088E-006
   82260.1998231242       2.318472560227165E-006
   82329.1522119114       2.318528875900375E-006
   82398.1046006986       2.321193545813130E-006
   82467.0569894858       2.323391831006552E-006
   82536.0093782730       2.319887298952196E-006
   82604.9617670602       2.319616853738900E-006
   82673.9141558474       2.323734666446915E-006
   82742.8665446346       2.323461584738498E-006
   82811.8189334218       2.324197900573449E-006
   82880.7713222090       2.321544722315578E-006
   82949.7237109962       2.316634743254342E-006
   83018.6760997834       2.318955140094661E-006
   83087.6284885706       2.317866399564372E-006
   83156.5808773578       2.318419929544509E-006
   83225.5332661450       2.316657662321793E-006
   83294.4856549322       2.316685592930375E-006
   83363.4380437194       2.323911944758336E-006
   83432.3904325066       2.320798073165711E-006
   83501.3428212938       2.314188449517964E-006
   83570.2952100810       2.310967245005477E-006
   83639.2475988682       2.320771423998481E-006
   83708.1999876553       2.320962721120556E-006
   83777.1523764426       2.324166179883758E-006
   83846.1047652297       2.314752114084145E-006
   83915.0571540169       2.313789264682660E-006
   83984.0095428041       2.314001702209292E-006
   84052.9619315913       2.315342447203077E-006
   84121.9143203785       2.315167087066674E-006
   84190.8667091657       2.314585827718340E-006
   84259.8190979529       2.308790523612644E-006
   84328.7714867401       2.312928534156792E-006
   84397.7238755273       2.311088180943781E-006
   84466.6762643145       2.311389612642734E-006
   84535.6286531017       2.312609154227644E-006
   84604.5810418889       2.310647926146377E-006
   84673.5334306761       2.315172793900798E-006
   84742.4858194633       2.308600018955417E-006
   84811.4382082505       2.309006667624014E-006
   84880.3905970377       2.309153817791401E-006
   84949.3429858249       2.309387236926681E-006
   85018.2953746121       2.310591775232707E-006
   85087.2477633993       2.310858307894206E-006
   85156.2001521865       2.301934661028185E-006
   85225.1525409736       2.304808337844574E-006
   85294.1049297609       2.305385471663185E-006
   85363.0573185480       2.316073316877892E-006
   85432.0097073353       2.313580031743893E-006
   85500.9620961224       2.309100185082087E-006
   85569.9144849096       2.305622374029921E-006
   85638.8668736968       2.309986766002245E-006
   85707.8192624840       2.313120665960628E-006
   85776.7716512712       2.310893117303014E-006
   85845.7240400584       2.310831952704966E-006
   85914.6764288456       2.310373569070987E-006
   85983.6288176328       2.311914271060816E-006
   86052.5812064200       2.310539436148911E-006
   86121.5335952072       2.306758192746042E-006
