% F    500  0.625000000000000E+01  0.625000000000000E+01  0.625000000000000E+01
  -0.499999607913181E-01 -0.474519557242357E-01 -0.147483838738933E-01
   0.641691448152425E+00  0.671305553189466E+00  0.338288203465982E-01
  -0.164644956353504E-01  0.666532720336821E+00  0.654586367665250E+00
   0.658269314364480E+00 -0.154957306883937E-01  0.662118393231678E+00
   0.120899183566883E+01  0.388283839684037E-01  0.200978902440147E-01
   0.189845525838607E+01  0.605017581792313E+00 -0.450282276502807E-01
   0.129081893773731E+01  0.584765859753870E+00  0.579031338096905E+00
   0.183350247946694E+01  0.588209733831605E-02  0.667645174765419E+00
   0.245756407740663E+01  0.411789607956127E-01 -0.408177823384812E-01
   0.313877664302523E+01  0.660229208527357E+00 -0.378922293292543E-01
   0.254945745032927E+01  0.652825034929033E+00  0.576966502222769E+00
   0.309198636521764E+01  0.494743318088901E-01  0.650369248588749E+00
   0.372179737638346E+01  0.159292574524817E-01  0.390183943400910E-02
   0.437300633698727E+01  0.658922643928521E+00 -0.474579794723207E-01
   0.379893829464435E+01  0.633577069537272E+00  0.651706791259384E+00
   0.436948168500370E+01  0.209505072938245E-01  0.654452610087335E+00
   0.499387013564304E+01 -0.291246704410748E-01  0.231112160787233E-01
   0.564157310307897E+01  0.647207419312387E+00 -0.288529024936710E-01
   0.498082515370107E+01  0.601298891396916E+00  0.650229591966846E+00
   0.562997945536545E+01  0.136723943111269E-01  0.638101035898359E+00
  -0.521588555693275E-03  0.124706950555598E+01 -0.377485039916927E-01
   0.628489670086010E+00  0.184441570874785E+01  0.467905346430815E-01
   0.892302040404476E-02  0.182676233204538E+01  0.606434274125804E+00
   0.630330303545611E+00  0.126762834160980E+01  0.576688327893386E+00
   0.122656559285618E+01  0.124608800458604E+01  0.337450032673427E-01
   0.184789530571834E+01  0.188735154923046E+01 -0.454543313074942E-01
   0.125232224857779E+01  0.190596839617114E+01  0.608178499443537E+00
   0.191419280524430E+01  0.127028152336084E+01  0.649603267312645E+00
   0.247590721426630E+01  0.126712999488509E+01  0.154974344499789E-01
   0.316854450295273E+01  0.192212577213333E+01  0.952256182646161E-04
   0.249298007541956E+01  0.185671156281395E+01  0.635368428440446E+00
   0.309187085220312E+01  0.129264557551354E+01  0.628556541098424E+00
   0.375377909088099E+01  0.125648707710272E+01 -0.130283331300171E-01
   0.437380913838222E+01  0.184426283451605E+01  0.102786481490754E-01
   0.376390630553106E+01  0.187277809561283E+01  0.649659667464938E+00
   0.439108130867449E+01  0.129748721140735E+01  0.663926293402321E+00
   0.502838956399966E+01  0.129777746876287E+01  0.144044729761686E-01
   0.560574739822817E+01  0.184876936386358E+01 -0.216518582731523E-01
   0.504393794023652E+01  0.184701211930766E+01  0.642634314833636E+00
   0.562980947012957E+01  0.122565342196289E+01  0.592216931545846E+00
   0.343847011554517E-01  0.253668204348906E+01 -0.440074350874098E-02
   0.635786895205679E+00  0.313800323570858E+01 -0.309925454595901E-01
  -0.409446715984014E-01  0.314567275690249E+01  0.600667220578396E+00
   0.604469542812980E+00  0.248789069662835E+01  0.590481044312887E+00
   0.128683998332424E+01  0.254624254283524E+01 -0.310943005108347E-01
   0.189221458244754E+01  0.309514935818161E+01  0.460197926786179E-01
   0.126016344056180E+01  0.314866422305883E+01  0.667333692241629E+00
   0.186031015412945E+01  0.254779109596845E+01  0.652345802017671E+00
   0.250692676638196E+01  0.246820324913006E+01  0.132668795891500E-01
   0.315592992276840E+01  0.309047359661910E+01  0.989118627773159E-02
   0.251586968274737E+01  0.311269275178382E+01  0.656750657758119E+00
   0.312948292853825E+01  0.254822213526297E+01  0.667901607508136E+00
   0.378121324735839E+01  0.245540535559852E+01 -0.298759971696231E-01
   0.438813092241349E+01  0.308549940106107E+01 -0.336266534441456E-01
   0.375185675691246E+01  0.309591684582547E+01  0.601736743782006E+00
   0.433194603444562E+01  0.245203502735727E+01  0.655534665214571E+00
   0.500414062659347E+01  0.254410543651272E+01  0.219336016636136E-01
   0.562904550828685E+01  0.315251120267829E+01 -0.456898375105281E-01
   0.497514669570954E+01  0.313648933876613E+01  0.610751165421144E+00
   0.559718519918888E+01  0.254110299071472E+01  0.595358104878310E+00
   0.455238245518527E-01  0.378658447389476E+01  0.193406900362849E-01
   0.598855473393442E+00  0.436287038420280E+01  0.406032820703828E-01
  -0.110551174216369E-01  0.437931175172166E+01  0.647603115286336E+00
   0.665287461958096E+00  0.373304866673850E+01  0.590381221197268E+00
   0.128302961278591E+01  0.376181228466055E+01  0.294496204951859E-01
   0.183008285576107E+01  0.439890885645629E+01  0.101800272778152E-01
   0.129461980948350E+01  0.434580743716500E+01  0.664002187487290E+00
   0.187285481736421E+01  0.373391299833665E+01  0.663074172887162E+00
   0.251451143272383E+01  0.375037796640868E+01  0.115949139630270E-01
   0.313097744265482E+01  0.435651864957953E+01  0.370559789704894E-01
   0.247096077496263E+01  0.433819446601976E+01  0.600941347193445E+00
   0.314370494938452E+01  0.372406777834788E+01  0.659889107577304E+00
   0.376752854731862E+01  0.371584654233742E+01 -0.151859474092748E-01
   0.438641815759267E+01  0.436668521465885E+01  0.295219960433288E-01
   0.374014065871572E+01  0.437946133135316E+01  0.609245378948216E+00
   0.440178870862678E+01  0.372028395124904E+01  0.651138538993790E+00
   0.500354564900109E+01  0.374542292587503E+01 -0.301030187908358E-01
   0.565025685843864E+01  0.435429072863875E+01 -0.297594225870217E-01
   0.501340665379053E+01  0.435797747369068E+01  0.651471432857249E+00
   0.561768674367497E+01  0.370727951387817E+01  0.643364024446784E+00
   0.470741434261677E-01  0.503120700637931E+01 -0.340779086792014E-01
   0.595032733540415E+00  0.561923984459619E+01  0.392085184262710E-01
   0.292539589743065E-01  0.566836817974052E+01  0.579141159100457E+00
   0.598128161842885E+00  0.499631230315964E+01  0.605097453882118E+00
   0.124111295975493E+01  0.500694258294074E+01  0.379994718730239E-01
   0.191371261213933E+01  0.564511277818102E+01 -0.202876962136730E-01
   0.125154175440830E+01  0.563198133676472E+01  0.621396061472439E+00
   0.188847640501125E+01  0.500891278991829E+01  0.639391798513617E+00
   0.248500535035294E+01  0.500568370969645E+01  0.267426932338293E-01
   0.314144922036127E+01  0.557537876871982E+01 -0.728062962594149E-02
   0.254668565756561E+01  0.558173902312890E+01  0.648545418191403E+00
   0.310877645461401E+01  0.495666408513973E+01  0.657903949845040E+00
   0.374142372357706E+01  0.495547284114416E+01  0.403171883323046E-01
   0.435531389600443E+01  0.558688653228355E+01 -0.993055873275626E-02
   0.379483061300619E+01  0.561581788354997E+01  0.634813294831724E+00
   0.439888975274778E+01  0.504779027649768E+01  0.597937940875871E+00
   0.498640443277283E+01  0.498077685135232E+01  0.464613752435970E-01
   0.562237787494767E+01  0.561609869496589E+01 -0.289565338340148E-01
   0.503952092333197E+01  0.558112241324056E+01  0.659444606293827E+00
   0.560733251131524E+01  0.498491499194306E+01  0.601990941443588E+00
   0.474074379446133E-01  0.443870967826354E-01  0.128737242684078E+01
   0.622410787236838E+00  0.614711918577325E+00  0.127394553780806E+01
   0.301331435615732E-02  0.631601173389284E+00  0.183621302961982E+01
   0.585008967784588E+00 -0.434186161451900E-02  0.189160248509665E+01
   0.126282755310663E+01 -0.422061697754657E-01  0.128639454731882E+01
   0.189842448706789E+01  0.654324970414220E+00  0.122519170634509E+01
   0.128952739248510E+01  0.583444721213449E+00  0.190216714658738E+01
   0.182931726941232E+01 -0.407731477011552E-02  0.186198181907807E+01
   0.253890252893638E+01 -0.199178322884328E-01  0.122269690322189E+01
   0.307934560532187E+01  0.661844821126112E+00  0.127718438616054E+01
   0.250967982242479E+01  0.667379502790169E+00  0.183144422538940E+01
   0.314927278753053E+01 -0.350363529883745E-01  0.187963171975859E+01
   0.371500548020725E+01 -0.465954067700587E-01  0.123339327058682E+01
   0.433629837076197E+01  0.603273473541832E+00  0.124432436058650E+01
   0.371158526692761E+01  0.615762946738326E+00  0.183972397830875E+01
   0.433140672270422E+01 -0.291188872070543E-01  0.191155201022370E+01
   0.495671311750571E+01 -0.129666042524220E-02  0.129723530666204E+01
   0.561513780435161E+01  0.595386772059312E+00  0.129187337914912E+01
   0.503916079186772E+01  0.631146185133804E+00  0.186622002828107E+01
   0.564912489517621E+01 -0.396626897721219E-01  0.192210246531931E+01
  -0.336649471481892E-01  0.124069948408727E+01  0.124892461772943E+01
   0.612230352714928E+00  0.190742684719445E+01  0.122526660349577E+01
   0.448125882814962E-01  0.187618741944941E+01  0.189841040188441E+01
   0.638904655925881E+00  0.120319804813333E+01  0.183906695567802E+01
   0.129408092475351E+01  0.122026266396154E+01  0.128570510120361E+01
   0.184760186999159E+01  0.188426162038801E+01  0.128469468755603E+01
   0.125561237671741E+01  0.189449208774922E+01  0.185063562885813E+01
   0.188942098080916E+01  0.128861749844276E+01  0.191820774763946E+01
   0.245999859136058E+01  0.128226893101486E+01  0.128558238585224E+01
   0.312444522408901E+01  0.189425292200711E+01  0.125580103613580E+01
   0.252982388156700E+01  0.189218373247917E+01  0.187308812476112E+01
   0.315582469458231E+01  0.128128042202854E+01  0.184830582005949E+01
   0.371013567916189E+01  0.127082218207414E+01  0.125561857993136E+01
   0.435990359977205E+01  0.186048967843718E+01  0.122145474060609E+01
   0.372597516873287E+01  0.191157038191263E+01  0.184707590540706E+01
   0.434365116706367E+01  0.122278781469770E+01  0.186107482815458E+01
   0.502340578853129E+01  0.123245180121549E+01  0.126983860830603E+01
   0.561531267032333E+01  0.186909974457160E+01  0.123431044841017E+01
   0.503278456839579E+01  0.190123038207161E+01  0.189147359405190E+01
   0.566286333397421E+01  0.128445797757196E+01  0.192376453028758E+01
   0.155083009359451E-01  0.253503483488595E+01  0.129033895036150E+01
   0.659635446497245E+00  0.309566241924479E+01  0.126420348782898E+01
  -0.363003248048609E-01  0.309426971671075E+01  0.192167018075332E+01
   0.611063475797603E+00  0.246613056867900E+01  0.182668740513894E+01
   0.124975743020390E+01  0.254714574704756E+01  0.126361935288070E+01
   0.191337937587511E+01  0.315967001351386E+01  0.126262990055771E+01
   0.120595885808882E+01  0.310779275353410E+01  0.185517568400359E+01
   0.183737910029116E+01  0.254063501088134E+01  0.185030638824731E+01
   0.246650879453088E+01  0.247774280009705E+01  0.129866197737226E+01
   0.313264256161620E+01  0.313027031640428E+01  0.125912868782223E+01
   0.252655715542257E+01  0.316000721930788E+01  0.188834950741600E+01
   0.313252297266827E+01  0.246413571243246E+01  0.191395106006453E+01
   0.370901576442008E+01  0.254629241800162E+01  0.123799386184173E+01
   0.442148831468146E+01  0.309415571113501E+01  0.126316480034450E+01
   0.374519084586819E+01  0.312077237059858E+01  0.191625778440242E+01
   0.438466361857551E+01  0.245452832667386E+01  0.183401444608636E+01
   0.499953700653773E+01  0.251052333472505E+01  0.120762985323022E+01
   0.562233437151807E+01  0.315812785013852E+01  0.121192118977816E+01
   0.495481384462173E+01  0.314497199321520E+01  0.191546560716330E+01
   0.560654788128173E+01  0.245588401616558E+01  0.183490396474574E+01
   0.462359567079953E-01  0.370800449684280E+01  0.123726795789216E+01
   0.656097659744928E+00  0.441525412680190E+01  0.124534156837223E+01
   0.327256966064143E-01  0.435708034635840E+01  0.185283420028440E+01
   0.609773389788222E+00  0.371832302047753E+01  0.185560623798591E+01
   0.121592160102601E+01  0.378545015825111E+01  0.128667993376394E+01
   0.188221872857008E+01  0.436221462356078E+01  0.121398260783801E+01
   0.129799259618361E+01  0.437668011481539E+01  0.187832884473398E+01
   0.183894984092831E+01  0.374696930902656E+01  0.185489396072970E+01
   0.253862857498854E+01  0.377237356414634E+01  0.127684086227392E+01
   0.310072545618129E+01  0.435834559790528E+01  0.126984476798065E+01
   0.246691148343379E+01  0.435827673050972E+01  0.189091232312030E+01
   0.312893350342491E+01  0.374262847477729E+01  0.190800066802420E+01
   0.379207874086066E+01  0.379671133063755E+01  0.125402368246206E+01
   0.439850610850752E+01  0.442125585394993E+01  0.125456079157892E+01
   0.372090553365507E+01  0.439350819151066E+01  0.188203522593155E+01
   0.439838243640843E+01  0.371229502714476E+01  0.185966042203183E+01
   0.502872793590272E+01  0.374947397485622E+01  0.128276233749222E+01
   0.558405514940139E+01  0.441071868119113E+01  0.123121385544221E+01
   0.498888388192520E+01  0.436466034859006E+01  0.186352104329238E+01
   0.562067046551126E+01  0.377791206665455E+01  0.190027403687047E+01
   0.449794312348828E-01  0.498612082613179E+01  0.120161065623951E+01
   0.665472221649316E+00  0.564045836281216E+01  0.126727750358106E+01
  -0.424367787116795E-01  0.559118898910287E+01  0.188425069765016E+01
   0.613627425480322E+00  0.500715101261522E+01  0.187700827448662E+01
   0.125720791982611E+01  0.504775784891537E+01  0.127670135443081E+01
   0.191009454961542E+01  0.559788233700441E+01  0.129616421390043E+01
   0.123083758369144E+01  0.560137011410736E+01  0.187928030435640E+01
   0.184801225790570E+01  0.502177350991440E+01  0.192151909792056E+01
   0.251083430888640E+01  0.500730644733228E+01  0.126429234983625E+01
   0.315370655273556E+01  0.559677681454971E+01  0.125627782250923E+01
   0.246175348968201E+01  0.566875549953860E+01  0.190584275274148E+01
   0.310281649621409E+01  0.500395676739808E+01  0.189777624429482E+01
   0.375722490864066E+01  0.499969971739895E+01  0.128914084037625E+01
   0.440321358756542E+01  0.558564018099774E+01  0.125580050244138E+01
   0.377202163567852E+01  0.558520229201168E+01  0.183091191514512E+01
   0.438742766245564E+01  0.500148838724779E+01  0.188753014971272E+01
   0.502390467691324E+01  0.497152071736253E+01  0.122781842307400E+01
   0.561371693862180E+01  0.557552007219950E+01  0.128509954630093E+01
   0.503410930910580E+01  0.558535907323496E+01  0.190706642413309E+01
   0.561608115946497E+01  0.500972695614993E+01  0.188978818804351E+01
  -0.426973209154198E-01 -0.169362435068846E-01  0.254556646939514E+01
   0.630863384040253E+00  0.639489636934185E+00  0.249281051314384E+01
   0.463967506744542E-01  0.586811402209089E+00  0.315283540939726E+01
   0.659093022834466E+00  0.134549807727677E-01  0.312622986750423E+01
   0.127181385113121E+01 -0.350854930618158E-01  0.245145770684998E+01
   0.186271015424531E+01  0.611035682802569E+00  0.252645043777222E+01
   0.121546261911947E+01  0.624709305085843E+00  0.317230107908630E+01
   0.190265812599144E+01 -0.117084942037343E-01  0.316329306094205E+01
   0.254142170155926E+01  0.486052245746570E-01  0.249471387821281E+01
   0.314990686223241E+01  0.594573296869048E+00  0.252213108839055E+01
   0.246226371402965E+01  0.623307941624045E+00  0.310981710947093E+01
   0.313276998796987E+01  0.193153699821821E-01  0.313578016053248E+01
   0.375286455773445E+01  0.161094992511473E-01  0.250186679508010E+01
   0.438479149615498E+01  0.599255316221016E+00  0.250636699441410E+01
   0.379849038425446E+01  0.642680891348457E+00  0.315452324313087E+01
   0.442233828137338E+01 -0.174240418621551E-02  0.313031067131153E+01
   0.503492256403827E+01 -0.143871237863347E-01  0.250108700806387E+01
   0.562881014085089E+01  0.606255572036246E+00  0.253352064453031E+01
   0.498911541468688E+01  0.610779880239298E+00  0.310871375927966E+01
   0.564491771591967E+01  0.333423956223313E-01  0.314828335723331E+01
   0.237568608808019E-01  0.129489838986954E+01  0.245467443554538E+01
   0.610398108097184E+00  0.189561605542077E+01  0.253457147487839E+01
   0.106011161352948E-01  0.184844427778980E+01  0.308712581160045E+01
   0.595233368975965E+00  0.122828437574402E+01  0.316394435985026E+01
   0.127897842908891E+01  0.123872759854041E+01  0.254417542806124E+01
   0.187022941012145E+01  0.192434312540300E+01  0.250872314511401E+01
   0.126712033199390E+01  0.183892384217285E+01  0.316980845083423E+01
   0.186174787139686E+01  0.128651555397260E+01  0.316004892966205E+01
   0.248608814085251E+01  0.120605197074563E+01  0.245711597325506E+01
   0.316704266784882E+01  0.184779060712885E+01  0.245283434979660E+01
   0.245542656744889E+01  0.182813660715083E+01  0.308256473575859E+01
   0.312020409924087E+01  0.125130983314539E+01  0.313237837822044E+01
   0.370891422417839E+01  0.126220640842223E+01  0.250426361356508E+01
   0.439920182489192E+01  0.182945973574141E+01  0.250824978796357E+01
   0.372113464502452E+01  0.190745231705180E+01  0.311356106860456E+01
   0.438190519089668E+01  0.123869007192024E+01  0.314806104186465E+01
   0.497864055723625E+01  0.120151256985430E+01  0.252058851877229E+01
   0.558890410018240E+01  0.183144349402175E+01  0.245225227484081E+01
   0.504941174832638E+01  0.188885762641574E+01  0.315163902203288E+01
   0.557968015973354E+01  0.120900231691319E+01  0.316542301135415E+01
  -0.171032690926353E-01  0.253749995317193E+01  0.249903027837517E+01
   0.644832107813903E+00  0.315858143861611E+01  0.245864417494030E+01
  -0.936355490512324E-02  0.313831301488988E+01  0.311107486591971E+01
   0.633708721720726E+00  0.248145563298544E+01  0.313863166817869E+01
   0.127064996017387E+01  0.251421484633268E+01  0.245406488820236E+01
   0.183765740947606E+01  0.313461513038133E+01  0.249550855293322E+01
   0.128689690087281E+01  0.310038676562620E+01  0.315364861333982E+01
   0.192457006893282E+01  0.246682393305471E+01  0.313946118009239E+01
   0.252696145402348E+01  0.248157739228759E+01  0.251033302309378E+01
   0.310484684288361E+01  0.309563403965621E+01  0.254582607422267E+01
   0.250880821091062E+01  0.308067132825128E+01  0.311902031323022E+01
   0.315796012913418E+01  0.249842381277868E+01  0.316628997389211E+01
   0.379666879676136E+01  0.252131434160365E+01  0.247534208346814E+01
   0.433581394614614E+01  0.310544921345459E+01  0.251131347111037E+01
   0.373882164135568E+01  0.315151338400489E+01  0.308536147441749E+01
   0.432612455072607E+01  0.254877985501489E+01  0.314323593294250E+01
   0.495058890341318E+01  0.254607325176067E+01  0.248221476801590E+01
   0.560590945585971E+01  0.312416037445824E+01  0.246826242820933E+01
   0.504666313171218E+01  0.309244537096604E+01  0.309685038260989E+01
   0.562923064353392E+01  0.250222428116904E+01  0.312910833018795E+01
   0.143952624516539E-02  0.376012223568297E+01  0.247050988843820E+01
   0.670262638571357E+00  0.435388219009851E+01  0.245875398765509E+01
  -0.265424022945130E-01  0.439480036028336E+01  0.315374737907831E+01
   0.594751064003836E+00  0.372850526642192E+01  0.317398038716676E+01
   0.126600911892521E+01  0.374989173241928E+01  0.250126524505091E+01
   0.189392726405469E+01  0.438537751083825E+01  0.245705088456130E+01
   0.124052969284590E+01  0.432845429693983E+01  0.316224775943722E+01
   0.185434545618219E+01  0.375674863714894E+01  0.315594862475089E+01
   0.254457860595509E+01  0.371731038073608E+01  0.253269526345148E+01
   0.312890532840134E+01  0.432707530114632E+01  0.248444820341100E+01
   0.248411623113783E+01  0.440583566234961E+01  0.310173931283543E+01
   0.314302071495064E+01  0.379355837029985E+01  0.316957529924759E+01
   0.379090304147767E+01  0.378188612869024E+01  0.246245762396553E+01
   0.436566370537338E+01  0.434254995826247E+01  0.254363899261659E+01
   0.373712009710968E+01  0.440700678647057E+01  0.315014006280662E+01
   0.441531199155213E+01  0.373596031458891E+01  0.311613002088668E+01
   0.502567394265546E+01  0.377712895393184E+01  0.246327309297780E+01
   0.562201146436668E+01  0.439212932372745E+01  0.249558754585448E+01
   0.504674340487606E+01  0.433154306488864E+01  0.310863040348449E+01
   0.559968760362754E+01  0.377548597725868E+01  0.310293915205394E+01
   0.475555355158728E-01  0.500635240710804E+01  0.254653679384181E+01
   0.641838928908719E+00  0.563013103924978E+01  0.248294779867891E+01
  -0.276367593785406E-02  0.559065070540193E+01  0.314413633745936E+01
   0.591572871249492E+00  0.499510114264376E+01  0.317402153150962E+01
   0.124757500060083E+01  0.498900562842166E+01  0.254846698272493E+01
   0.190719840190693E+01  0.567041319879243E+01  0.246233693936311E+01
   0.123988377535256E+01  0.565509036123179E+01  0.312558899237777E+01
   0.190315867091691E+01  0.496363344311660E+01  0.308218306168474E+01
   0.248724326857630E+01  0.498596797630064E+01  0.254487161862854E+01
   0.308619393457262E+01  0.559387001963516E+01  0.254440567690156E+01
   0.245375262709287E+01  0.559396781921958E+01  0.310168447316074E+01
   0.316866305594396E+01  0.500513929230480E+01  0.311515696687314E+01
   0.379626619172405E+01  0.501674399686662E+01  0.249940533321325E+01
   0.439396566160120E+01  0.560721229498184E+01  0.250057807075751E+01
   0.376518892019105E+01  0.562045351879836E+01  0.309188001767490E+01
   0.440646978804140E+01  0.495297325013798E+01  0.312952756087056E+01
   0.496302258097889E+01  0.497759352519431E+01  0.246590366240209E+01
   0.566026466989307E+01  0.566490126119070E+01  0.245064461131338E+01
   0.498028046729688E+01  0.560274490018297E+01  0.310617585761936E+01
   0.566294422670047E+01  0.495071528831534E+01  0.313921192021017E+01
   0.472066502843820E-01  0.404266398336105E-01  0.378897933818551E+01
   0.607960296795529E+00  0.661932085915109E+00  0.370481178067112E+01
  -0.431074563945335E-01  0.580625816098505E+00  0.438260801262068E+01
   0.580989248356356E+00  0.257861771815572E-01  0.435911807203667E+01
   0.127894633408191E+01 -0.207963168237764E-01  0.372640216604070E+01
   0.191340880008170E+01  0.600852751404738E+00  0.378332449900107E+01
   0.120093693522720E+01  0.654880920839439E+00  0.440915694420847E+01
   0.187594443519147E+01  0.372558760534735E-01  0.440464557752473E+01
   0.251246079686525E+01  0.303286203313304E-01  0.375333298562714E+01
   0.311311745589598E+01  0.576370840946455E+00  0.375148691519927E+01
   0.247213583340940E+01  0.582880962765721E+00  0.438712899721273E+01
   0.309489144603292E+01  0.328296415230814E-01  0.435322296023320E+01
   0.373254327507046E+01 -0.150215698065393E-01  0.372189046352202E+01
   0.437559722838959E+01  0.586314926045839E+00  0.376031802246675E+01
   0.378885575265286E+01  0.580708878387350E+00  0.439249857577373E+01
   0.440890272456768E+01  0.449620786922873E-01  0.434762537741249E+01
   0.502926016712427E+01  0.234412678715342E-01  0.375987123674203E+01
   0.557997657834692E+01  0.575288391636924E+00  0.375640966398400E+01
   0.498677837137420E+01  0.591446503669933E+00  0.436469325142630E+01
   0.565176669495421E+01  0.393739065140400E-01  0.439134084216271E+01
  -0.689696531567827E-02  0.120603337800728E+01  0.376376060867666E+01
   0.637596231801752E+00  0.183890935307476E+01  0.372311820036967E+01
  -0.337222209276580E-01  0.182784773620873E+01  0.436414194173509E+01
   0.643874972758057E+00  0.125278646135090E+01  0.439316256437163E+01
   0.123476827440565E+01  0.125225739201618E+01  0.378159173966166E+01
   0.182808943188870E+01  0.189936109987120E+01  0.370672498083283E+01
   0.122461881450964E+01  0.186458406605043E+01  0.440989080398144E+01
   0.184413944465427E+01  0.129664073996919E+01  0.441776099278810E+01
   0.251575609365910E+01  0.126011199853826E+01  0.377697517892480E+01
   0.314139868344361E+01  0.185046177891281E+01  0.375774140246586E+01
   0.254739138753073E+01  0.185491404796145E+01  0.441957393430117E+01
   0.311803844578484E+01  0.128966955003418E+01  0.439548563672755E+01
   0.371123792652750E+01  0.127419184963513E+01  0.376703466307276E+01
   0.435452699657054E+01  0.189090376594189E+01  0.372717123418560E+01
   0.376714537558488E+01  0.188142195706995E+01  0.439706296228122E+01
   0.438836222350867E+01  0.120994416021055E+01  0.436461752497940E+01
   0.498323186618495E+01  0.120003682607931E+01  0.377422029772248E+01
   0.557721505173868E+01  0.183174704922060E+01  0.374905157776986E+01
   0.502695946895590E+01  0.185045662790714E+01  0.437512641607818E+01
   0.561639505523191E+01  0.127364785226996E+01  0.434428561815958E+01
   0.472203041257921E-01  0.245333371543482E+01  0.377784972592128E+01
   0.583603646015427E+00  0.313788815650413E+01  0.374534242965938E+01
   0.311299457662017E-01  0.314198765973279E+01  0.434519353765829E+01
   0.658823796373337E+00  0.253070628766903E+01  0.438284583986592E+01
   0.123979574008036E+01  0.252148692346010E+01  0.377154053891122E+01
   0.183400194815601E+01  0.316989442057257E+01  0.377485845082578E+01
   0.123113028330080E+01  0.308429329413452E+01  0.439920233409256E+01
   0.186746803177976E+01  0.254028922849083E+01  0.437511190891243E+01
   0.250471144749339E+01  0.253742299514401E+01  0.378107346617209E+01
   0.313294489985579E+01  0.314868321980493E+01  0.375532425702669E+01
   0.251741640718206E+01  0.310744117547641E+01  0.435220639492038E+01
   0.315894198484489E+01  0.253704734258308E+01  0.433476200086520E+01
   0.377913148618591E+01  0.251468616770502E+01  0.373990394714840E+01
   0.434410637282955E+01  0.313458022366479E+01  0.379515277672931E+01
   0.378329766885392E+01  0.312716771272675E+01  0.441197834787572E+01
   0.436193949218833E+01  0.252096135785417E+01  0.438696183188202E+01
   0.502044040061880E+01  0.254373012686477E+01  0.371099439018151E+01
   0.561096237886548E+01  0.317431979530593E+01  0.379660256123693E+01
   0.502624900545048E+01  0.310381764557655E+01  0.441744779299854E+01
   0.566807017736647E+01  0.252246340390266E+01  0.434216107258512E+01
  -0.128300863274184E-02  0.375937608203244E+01  0.379831033952366E+01
   0.663477120558058E+00  0.438406171515595E+01  0.371498705613143E+01
   0.361216929835936E-01  0.435544807672877E+01  0.441378560464213E+01
   0.672417191220662E+00  0.371540688169635E+01  0.438652868663424E+01
   0.128976697001150E+01  0.371626144218362E+01  0.376552750476163E+01
   0.187417833175518E+01  0.438512099874685E+01  0.374421061335965E+01
   0.128668051621311E+01  0.440291618924722E+01  0.435368574361237E+01
   0.191920779361746E+01  0.370162243625983E+01  0.434367443629882E+01
   0.245884827284706E+01  0.373464270748414E+01  0.370879635035418E+01
   0.312230344709046E+01  0.438431467304088E+01  0.377449812955798E+01
   0.246866392958278E+01  0.439781900713668E+01  0.440906623548159E+01
   0.311472571099954E+01  0.377890639072612E+01  0.435378715030239E+01
   0.374856808852790E+01  0.379490794877856E+01  0.371435943558838E+01
   0.442445648384923E+01  0.433668134081779E+01  0.376240155911265E+01
   0.374689714037173E+01  0.436345692703912E+01  0.433663654508493E+01
   0.435510067346439E+01  0.372040902773606E+01  0.434863464087664E+01
   0.499090180819698E+01  0.372632821571915E+01  0.371644392185739E+01
   0.561010006753891E+01  0.439893894865402E+01  0.372691199369147E+01
   0.499978681026580E+01  0.439579986045975E+01  0.442279966599912E+01
   0.558606171567936E+01  0.371330386438911E+01  0.437021227010667E+01
   0.483413039515775E-01  0.499461093274501E+01  0.375979520924510E+01
   0.655810086507749E+00  0.559949918397815E+01  0.376753829072265E+01
   0.161723992203603E-02  0.558529452699005E+01  0.435004778058690E+01
   0.650081065987186E+00  0.495050812789388E+01  0.437091238778203E+01
   0.124113152110771E+01  0.503991357155268E+01  0.375147914745646E+01
   0.183054911348581E+01  0.565939653044273E+01  0.379685476945371E+01
   0.123181019602524E+01  0.561178728985922E+01  0.433948206879710E+01
   0.188035244862780E+01  0.498576178506005E+01  0.432513478752759E+01
   0.251222365814681E+01  0.502312222291501E+01  0.373203701676016E+01
   0.316008358729636E+01  0.558569075498204E+01  0.371125186484140E+01
   0.249711334556557E+01  0.564840583463176E+01  0.439707816328231E+01
   0.312472454324671E+01  0.501497373167554E+01  0.433438487811839E+01
   0.374311775409850E+01  0.495699016265299E+01  0.379838277728415E+01
   0.441912248353493E+01  0.563001427323381E+01  0.379430342959975E+01
   0.378450612923271E+01  0.566949802266077E+01  0.434960645353028E+01
   0.442497540516681E+01  0.503822522559163E+01  0.439570767782170E+01
   0.502792488281783E+01  0.500497390463612E+01  0.371599836883129E+01
   0.567235037096533E+01  0.562668071225884E+01  0.372353361253643E+01
   0.498965643768702E+01  0.565559686564409E+01  0.433730843814379E+01
   0.563514984702353E+01  0.499669463945043E+01  0.432743921033448E+01
   0.113179999925335E-01 -0.229149979528854E-01  0.497975531142633E+01
   0.579383676672640E+00  0.606825489646367E+00  0.498118803387088E+01
   0.243496921936625E-01  0.659629072478726E+00  0.566110371058752E+01
   0.639163127659757E+00  0.244022537601140E-01  0.565592245831080E+01
   0.127280728476523E+01  0.459450335499493E-01  0.496650591376377E+01
   0.188377012437929E+01  0.607110053733622E+00  0.503672120728125E+01
   0.126253735516950E+01  0.659789549050439E+00  0.557934755644274E+01
   0.190929844820191E+01 -0.372675775167272E-01  0.564982764663191E+01
   0.249807591754312E+01 -0.473089900432462E-02  0.502605070493385E+01
   0.310958245514869E+01  0.579349407632695E+00  0.501877175851054E+01
   0.248346667082266E+01  0.624182481775298E+00  0.561688005014314E+01
   0.312588515813706E+01 -0.365734556497744E-01  0.561898003692660E+01
   0.378431641718694E+01 -0.971429635571100E-02  0.496375141528848E+01
   0.437944014972421E+01  0.590559909875780E+00  0.499913515228615E+01
   0.375266336154956E+01  0.602378882154452E+00  0.566723513176664E+01
   0.440776716542207E+01 -0.225512257157147E-01  0.558240098088471E+01
   0.496113907114920E+01 -0.138584125917243E-01  0.495441452831739E+01
   0.564724455277472E+01  0.595917817614048E+00  0.500648142229809E+01
   0.498009190645898E+01  0.577204175380689E+00  0.563826709626136E+01
   0.562783239488059E+01 -0.446497879201695E-01  0.565076379698698E+01
  -0.225677517094924E-01  0.125902489284850E+01  0.496112261826425E+01
   0.595857475173141E+00  0.190665009936330E+01  0.500804652573259E+01
   0.464687565806526E-01  0.182542601890686E+01  0.559261018461402E+01
   0.636868313121985E+00  0.125307214344439E+01  0.561482900743627E+01
   0.121618413621357E+01  0.121034296316987E+01  0.497850891608897E+01
   0.184581695695847E+01  0.187539298189031E+01  0.498203744665868E+01
   0.126370876217971E+01  0.186731749842734E+01  0.562264408238686E+01
   0.182666843102398E+01  0.121367126007660E+01  0.564502911560818E+01
   0.246259382277284E+01  0.121354603187712E+01  0.495845443141583E+01
   0.317285658084685E+01  0.184637162602348E+01  0.500987597871081E+01
   0.247508622600340E+01  0.187990334572586E+01  0.557806659772092E+01
   0.315946167953277E+01  0.126464926320835E+01  0.566163097175939E+01
   0.371875334582014E+01  0.127024539507500E+01  0.496149800185921E+01
   0.439937271574590E+01  0.192051844523245E+01  0.499929469418249E+01
   0.370467291502152E+01  0.190770203398060E+01  0.560671973451794E+01
   0.437087611439613E+01  0.127888081525679E+01  0.561623433702854E+01
   0.503321975887459E+01  0.128096545612536E+01  0.496033512785960E+01
   0.558572243508483E+01  0.187879251431318E+01  0.500606393537737E+01
   0.495538888972162E+01  0.183578337701810E+01  0.566249319926692E+01
   0.560919031678055E+01  0.126388352975720E+01  0.561252502491215E+01
   0.207629587570444E-01  0.248590014900617E+01  0.503614133257513E+01
   0.585082871959100E+00  0.310919720935950E+01  0.504621302624145E+01
  -0.164456228017239E-01  0.309794956224538E+01  0.560768807412986E+01
   0.597491154545801E+00  0.247675110063229E+01  0.562234623079394E+01
   0.128288498890829E+01  0.252796324408933E+01  0.503923499141120E+01
   0.190238680074824E+01  0.312966038759152E+01  0.500388117911289E+01
   0.128725062153130E+01  0.309445872015971E+01  0.562885909726751E+01
   0.191287016052239E+01  0.247529204541343E+01  0.560678215334261E+01
   0.253096412037590E+01  0.253200810028738E+01  0.501410912119284E+01
   0.315322056983074E+01  0.313412965909858E+01  0.502155945551701E+01
   0.246210601084354E+01  0.315594097826629E+01  0.557730711242003E+01
   0.316743235357886E+01  0.251818422768063E+01  0.566386854031767E+01
   0.378553893671874E+01  0.246327751624798E+01  0.502443367835454E+01
   0.437859646033295E+01  0.308742696664123E+01  0.504153700088181E+01
   0.378567418054785E+01  0.312381671511075E+01  0.567250107209552E+01
   0.433988186799221E+01  0.245215707513660E+01  0.560891212708435E+01
   0.497590563148352E+01  0.250031840571997E+01  0.499095013103483E+01
   0.562845437975769E+01  0.313039236376451E+01  0.501523829104624E+01
   0.501671677472579E+01  0.313564717581263E+01  0.565956489601546E+01
   0.564875020723267E+01  0.252483123250336E+01  0.566703577997305E+01
   0.950375821339861E-02  0.370623781719721E+01  0.504799663761152E+01
   0.638040755576670E+00  0.441134715831816E+01  0.498361293210513E+01
  -0.310256897877826E-01  0.436515925760080E+01  0.559403126743513E+01
   0.586936041300447E+00  0.375882542459302E+01  0.557842879308921E+01
   0.125217543394999E+01  0.375164679861161E+01  0.496553122118123E+01
   0.182960190129986E+01  0.438034284259385E+01  0.502281756484392E+01
   0.127571780119837E+01  0.435357377833164E+01  0.558825164592191E+01
   0.183207892789585E+01  0.378737005774232E+01  0.560835085754973E+01
   0.245023141113095E+01  0.379032954824064E+01  0.500907962756314E+01
   0.316788543173823E+01  0.433321167565789E+01  0.499766671343319E+01
   0.251387109674003E+01  0.442181012906547E+01  0.564977209212055E+01
   0.312529140043760E+01  0.379696218587541E+01  0.565140243530935E+01
   0.373299465407829E+01  0.375236611503694E+01  0.496600337385213E+01
   0.437112078215939E+01  0.438807532287268E+01  0.499780773677102E+01
   0.373569272627769E+01  0.434587445006442E+01  0.558125233316396E+01
   0.440384797812536E+01  0.373232744561873E+01  0.564964873890632E+01
   0.496086096345595E+01  0.375739813934958E+01  0.495675541617638E+01
   0.566981219954744E+01  0.437664454020084E+01  0.497683521042624E+01
   0.495616907241026E+01  0.438390391473977E+01  0.564919545967440E+01
   0.558687289297078E+01  0.378337587871912E+01  0.567195053312033E+01
   0.104977717820137E-01  0.495668604460932E+01  0.504735288223019E+01
   0.664841274328766E+00  0.563744663042387E+01  0.499913862756304E+01
  -0.310583646828127E-01  0.557707850647935E+01  0.558736376168715E+01
   0.642596361108911E+00  0.503472426077424E+01  0.560061194956164E+01
   0.122269036049427E+01  0.503004169822836E+01  0.496571092504795E+01
   0.188318890391200E+01  0.561104376617061E+01  0.497741643564328E+01
   0.129545607218229E+01  0.566978438848475E+01  0.559024288896268E+01
   0.185225359183576E+01  0.504360349674537E+01  0.564287194575608E+01
   0.253148135283306E+01  0.504804328169379E+01  0.498691675376050E+01
   0.317156638680405E+01  0.559350223339754E+01  0.497684044590287E+01
   0.247688520680426E+01  0.563906581860296E+01  0.557559882856482E+01
   0.313396522021482E+01  0.503075189039293E+01  0.559220404064392E+01
   0.378374496606100E+01  0.502176364851180E+01  0.502348368156055E+01
   0.435668465965111E+01  0.561321274826680E+01  0.497773185505402E+01
   0.375716618949507E+01  0.558579151114322E+01  0.558533138659697E+01
   0.432959597543378E+01  0.502230302362971E+01  0.559666553272007E+01
   0.495242533032138E+01  0.495900024458068E+01  0.503630538989602E+01
   0.558379627785072E+01  0.560452971919907E+01  0.502135512631628E+01
   0.498904092759754E+01  0.564742832237687E+01  0.564790841732045E+01
   0.566810929659488E+01  0.498504504392800E+01  0.558840622433439E+01
