        2294  9.331162491406317E-005
        2295  3.719616701015625E-004
        2296  8.332659237421839E-004
        2297  1.473651737054689E-003
        2298  2.288843416343749E-003
        2299  3.274143383062502E-003
        2300  4.424759112601550E-003
        2301  5.736172845789056E-003
        2302  7.204445321749998E-003
        2303  8.826407066734375E-003
        2304  1.059971840510938E-002
        2305  1.252278325759375E-002
        2306  1.459459679844530E-002
        2307  1.681457799427342E-002
        2308  1.918235334807032E-002
        2309  2.169778925364846E-002
        2310  2.436062299438281E-002
        2311  2.717064353530465E-002
        2312  3.012730139989066E-002
        2313  3.322972580453122E-002
        2314  3.647670291174221E-002
        2315  3.986652004649999E-002
        2316  4.339720500754685E-002
        2317  4.706651008239056E-002
        2318  5.087223089220309E-002
        2319  5.481232895702344E-002
        2320  5.888515266539839E-002
        2321  6.308962374765628E-002
        2322  6.742551689625781E-002
        2323  7.189367565280474E-002
        2324  7.649591533817963E-002
        2325  8.123510725614068E-002
        2326  8.611501490748442E-002
        2327  9.113999036742972E-002
        2328  9.631464549911715E-002
        2329  0.101643388193976     
        2330  0.107130265864648     
        2331  0.112778548021945     
        2332  0.118590562754156     
        2333  0.124567415448227     
        2334  0.130709371242437     
        2335  0.137015381519250     
        2336  0.143483427489125     
        2337  0.150110374782680     
        2338  0.156892268923500     
        2339  0.163824301600695     
        2340  0.170900976522266     
        2341  0.178116381702375     
        2342  0.185464323091219     
        2343  0.192938836514031     
        2344  0.200534025496258     
        2345  0.208244741030297     
        2346  0.216066391334078     
        2347  0.223994658168070     
        2348  0.232025973740719     
        2349  0.240156795947211     
        2350  0.248383872720320     
        2351  0.256703811038617     
        2352  0.265113524547484     
        2353  0.273609627829289     
        2354  0.282188984809133     
        2355  0.290848607456672     
        2356  0.299585547483773     
        2357  0.308397427727656     
        2358  0.317282069576406     
        2359  0.326237696477453     
        2360  0.335262937935453     
        2361  0.344356754288555     
        2362  0.353518647306000     
        2363  0.362748213510507     
        2364  0.372045562041109     
        2365  0.381410739830406     
        2366  0.390844349479578     
        2367  0.400346898633055     
        2368  0.409919118237953     
        2369  0.419561488614117     
        2370  0.429274196672914     
        2371  0.439057172686008     
        2372  0.448909373808688     
        2373  0.458829188229367     
        2374  0.468814106349774     
        2375  0.478860862588656     
        2376  0.488965229161984     
        2377  0.499122407267609     
        2378  0.509326865514226     
        2379  0.519572346320078     
        2380  0.529853070837992     
        2381  0.540162038734211     
        2382  0.550492863095016     
        2383  0.560839181325015     
        2384  0.571195013282086     
        2385  0.581555063362820     
        2386  0.591914094487492     
        2387  0.602268009354469     
        2388  0.612612786020133     
        2389  0.622945219493883     
        2390  0.633262489513938     
        2391  0.643561759146618     
        2392  0.653840684204758     
        2393  0.664096977714914     
        2394  0.674328758879774     
        2395  0.684534198217414     
        2396  0.694712233664477     
        2397  0.704861995920961     
        2398  0.714983495621640     
        2399  0.725077732453102     
        2400  0.735145994593368     
        2401  0.745191100421586     
        2402  0.755216070459829     
        2403  0.765224190000734     
        2404  0.775219208363430     
        2405  0.785204601120921     
        2406  0.795183716815773     
        2407  0.805159118047782     
        2408  0.815133236350414     
        2409  0.825107350152719     
        2410  0.835082325253179     
        2411  0.845057945220577     
        2412  0.855033353681469     
        2413  0.865006900974398     
        2414  0.874976317712492     
        2415  0.884938332536899     
        2416  0.894889661483571     
        2417  0.904826225376172     
        2418  0.914743824468391     
        2419  0.924638012776578     
        2420  0.934504296217188     
        2421  0.944338694662149     
        2422  0.954137342551796     
        2423  0.963897059023188     
        2424  0.973615415835712     
        2425  0.983291255794423     
        2426  0.992923584489673     
        2427   1.00251307001677     
        2428   1.01206117644717     
        2429   1.02156961271166     
        2430   1.03104109267053     
        2431   1.04047855199401     
        2432   1.04988507924019     
        2433   1.05926425821389     
        2434   1.06861964487663     
        2435   1.07795501582524     
        2436   1.08727411682055     
        2437   1.09658088884787     
        2438   1.10587932056720     
        2439   1.11517309469683     
        2440   1.12446612150697     
        2441   1.13376253135911     
        2442   1.14306574886260     
        2443   1.15238015393303     
        2444   1.16170962328512     
        2445   1.17105714910278     
        2446   1.18042614508974     
        2447   1.18981881770463     
        2448   1.19923666608744     
        2449   1.20868017825994     
        2450   1.21814856277880     
        2451   1.22763997939855     
        2452   1.23715133583945     
        2453   1.24667832605115     
        2454   1.25621543679955     
        2455   1.26575648403617     
        2456   1.27529439003487     
        2457   1.28482188553370     
        2458   1.29433125479207     
        2459   1.30381506072095     
        2460   1.31326553672471     
        2461   1.32267606847515     
        2462   1.33204046296275     
        2463   1.34135280526430     
        2464   1.35060932129079     
        2465   1.35980727609320     
        2466   1.36894502582340     
        2467   1.37802306122274     
        2468   1.38704321330902     
        2469   1.39600905911451     
        2470   1.40492507504517     
        2471   1.41379652464606     
        2472   1.42262967094802     
        2473   1.43143155299092     
        2474   1.44020948691747     
        2475   1.44897118278212     
        2476   1.45772493620091     
        2477   1.46648006267032     
        2478   1.47524521530566     
        2479   1.48402987372184     
        2480   1.49284213121363     
        2481   1.50168995945062     
        2482   1.51058027083610     
        2483   1.51951824899066     
        2484   1.52850884825846     
        2485   1.53755561094787     
        2486   1.54666134418016     
        2487   1.55582756998743     
        2488   1.56505519257634     
        2489   1.57434391302221     
        2490   1.58369278370851     
        2491   1.59309900679283     
        2492   1.60255908625460     
        2493   1.61206871257531     
        2494   1.62162132853816     
        2495   1.63120999060856     
        2496   1.64082661991390     
        2497   1.65046163337446     
        2498   1.66010559150746     
        2499   1.66974836087981     
        2500   1.67937939079369     
        2501   1.68898789909331     
        2502   1.69856476876071     
        2503   1.70809981867995     
        2504   1.71758450922723     
        2505   1.72701143302683     
        2506   1.73637444300359     
        2507   1.74566915198270     
        2508   1.75489283772500     
        2509   1.76404491333198     
        2510   1.77312664533112     
        2511   1.78214068201380     
        2512   1.79109104405174     
        2513   1.79998350220338     
        2514   1.80882435746540     
        2515   1.81762081826972     
        2516   1.82638082641882     
        2517   1.83511331286494     
        2518   1.84382788932663     
        2519   1.85253521926762     
        2520   1.86124520511968     
        2521   1.86996811113662     
        2522   1.87871343449096     
        2523   1.88748797041329     
        2524   1.89629808015448     
        2525   1.90514721395192     
        2526   1.91403708237791     
        2527   1.92296790953163     
        2528   1.93193794676307     
        2529   1.94094379106965     
        2530   1.94998152889935     
        2531   1.95904574193495     
        2532   1.96813029867673     
        2533   1.97722839567641     
        2534   1.98633223984300     
        2535   1.99543405435902     
        2536   2.00452522446748     
        2537   2.01359692632352     
        2538   2.02264089695242     
        2539   2.03164850974242     
        2540   2.04061149185274     
        2541   2.04952178508387     
        2542   2.05837237313924     
        2543   2.06715624062812     
        2544   2.07586745989597     
        2545   2.08450129634411     
        2546   2.09305327594703     
        2547   2.10152068218517     
        2548   2.10990239932836     
        2549   2.11819899236389     
        2550   2.12641210885035     
        2551   2.13454558189181     
        2552   2.14260476719771     
        2553   2.15059649692778     
        2554   2.15852828110456     
        2555   2.16640931551807     
        2556   2.17424904013957     
        2557   2.18205813973260     
        2558   2.18984750917908     
        2559   2.19762794396732     
        2560   2.20541106705950     
        2561   2.21320791994583     
        2562   2.22102895923585     
        2563   2.22888307856679     
        2564   2.23677820305080     
        2565   2.24471982727082     
        2566   2.25271149721085     
        2567   2.26075440131152     
        2568   2.26884708536693     
        2569   2.27698648988960     
        2570   2.28516766836177     
        2571   2.29338371324955     
        2572   2.30162653036786     
        2573   2.30988716210536     
        2574   2.31815548276201     
        2575   2.32642095397783     
        2576   2.33467262743949     
        2577   2.34289958489313     
        2578   2.35109082003296     
        2579   2.35923614703133     
        2580   2.36732638728066     
        2581   2.37535292418769     
        2582   2.38330892459536     
        2583   2.39118805499020     
        2584   2.39898634764255     
        2585   2.40669979068068     
        2586   2.41432709863651     
        2587   2.42186700040995     
        2588   2.42932065534655     
        2589   2.43669043780933     
        2590   2.44397972757047     
        2591   2.45119368132143     
        2592   2.45833884671645     
        2593   2.46542384959743     
        2594   2.47245741957710     
        2595   2.47944956111587     
        2596   2.48641128332178     
        2597   2.49335387517712     
        2598   2.50028944879704     
        2599   2.50722982983667     
        2600   2.51418692908061     
        2601   2.52117260218039     
        2602   2.52819811480281     
        2603   2.53527387921219     
        2604   2.54240835438058     
        2605   2.54960944509980     
        2606   2.55688240461928     
        2607   2.56423131839452     
        2608   2.57165724484322     
        2609   2.57916116539043     
        2610   2.58674056131677     
        2611   2.59439230463453     
        2612   2.60211167840499     
        2613   2.60989195968663     
        2614   2.61772502588891     
        2615   2.62560174760903     
        2616   2.63351111416531     
        2617   2.64144159573824     
        2618   2.64938028348739     
        2619   2.65731404819212     
        2620   2.66522951118668     
        2621   2.67311436786216     
        2622   2.68095624516151     
        2623   2.68874468474877     
        2624   2.69647004693810     
        2625   2.70412451308222     
        2626   2.71170150419615     
        2627   2.71919665034482     
        2628   2.72660729869450     
        2629   2.73393203260624     
        2630   2.74117148827814     
        2631   2.74832864462746     
        2632   2.75540794840583     
        2633   2.76241563131537     
        2634   2.76935979609605     
        2635   2.77625019491067     
        2636   2.78309763439781     
        2637   2.78991391884281     
        2638   2.79671230710352     
        2639   2.80350557648928     
        2640   2.81030768164330     
        2641   2.81713195877581     
        2642   2.82399260817417     
        2643   2.83090229103292     
        2644   2.83787404877066     
        2645   2.84491926539895     
        2646   2.85204875476249     
        2647   2.85927118293665     
        2648   2.86659373349732     
        2649   2.87402253361480     
        2650   2.88156177007291     
        2651   2.88921493241874     
        2652   2.89698415040876     
        2653   2.90487054447731     
        2654   2.91287407588831     
        2655   2.92099294466411     
        2656   2.92922349029864     
        2657   2.93756076642544     
        2658   2.94599686875327     
        2659   2.95452259882903     
        2660   2.96312673238626     
        2661   2.97179673819070     
        2662   2.98051913901245     
        2663   2.98928021065101     
        2664   2.99806523306151     
        2665   3.00686109457151     
        2666   3.01565414709049     
        2667   3.02443237923604     
        2668   3.03318473606266     
        2669   3.04190111220242     
        2670   3.05057354472111     
        2671   3.05919545646378     
        2672   3.06776289870240     
        2673   3.07627311885859     
        2674   3.08472505166392     
        2675   3.09312033644876     
        2676   3.10146178195791     
        2677   3.10975414006673     
        2678   3.11800287142576     
        2679   3.12621545036622     
        2680   3.13439945898126     
        2681   3.14256383370864     
        2682   3.15071834013870     
        2683   3.15887229177678     
        2684   3.16703669739988     
        2685   3.17522188968335     
        2686   3.18343866394978     
        2687   3.19169757368912     
        2688   3.20000948158112     
        2689   3.20838393881159     
        2690   3.21683022407199     
        2691   3.22535693241460     
        2692   3.23397306306518     
        2693   3.24268649774367     
        2694   3.25150424199890     
        2695   3.26043335741691     
        2696   3.26947903676496     
        2697   3.27864555412451     
        2698   3.28793500913998     
        2699   3.29734696440251     
        2700   3.30687904373070     
        2701   3.31652605004531     
        2702   3.32628041743161     
        2703   3.33613219490455     
        2704   3.34607053276446     
        2705   3.35608250828520     
        2706   3.36615482570643     
        2707   3.37627258970213     
        2708   3.38642175395342     
        2709   3.39658747680059     
        2710   3.40675565987842     
        2711   3.41691324607871     
        2712   3.42704837189922     
        2713   3.43714935937173     
        2714   3.44720763375034     
        2715   3.45721513914504     
        2716   3.46716649508405     
        2717   3.47705609011403     
        2718   3.48688198318661     
        2719   3.49664220362945     
        2720   3.50633736061361     
        2721   3.51596860910575     
        2722   3.52553906236867     
        2723   3.53505241956998     
        2724   3.54451404984700     
        2725   3.55393018664458     
        2726   3.56330866695945     
        2727   3.57265735599859     
        2728   3.58198530817688     
        2729   3.59130190720416     
        2730   3.60061734022467     
        2731   3.60994202736048     
        2732   3.61928656278046     
        2733   3.62866199059439     
        2734   3.63807858434391     
        2735   3.64754601633505     
        2736   3.65707473768432     
        2737   3.66667234678934     
        2738   3.67634543219777     
        2739   3.68609930519038     
        2740   3.69593581505137     
        2741   3.70585581503062     
        2742   3.71585763645226     
        2743   3.72593689429214     
        2744   3.73608829707530     
        2745   3.74630431961261     
        2746   3.75657688525023     
        2747   3.76689693576750     
        2748   3.77725426447813     
        2749   3.78763897958780     
        2750   3.79803969051865     
        2751   3.80844596587099     
        2752   3.81884677112363     
        2753   3.82923209972074     
        2754   3.83959197720089     
        2755   3.84991854246497     
        2756   3.86020356382663     
        2757   3.87044094720389     
        2758   3.88062603631760     
        2759   3.89075445231951     
        2760   3.90082502733669     
        2761   3.91083604691241     
        2762   3.92078828324463     
        2763   3.93068397449851     
        2764   3.94052677518523     
        2765   3.95032112160743     
        2766   3.96007347927158     
        2767   3.96979102552496     
        2768   3.97948250709827     
        2769   3.98915768897833     
        2770   3.99882673097127     
        2771   4.00850070970441     
        2772   4.01819158891401     
        2773   4.02791181682272     
        2774   4.03767390835221     
        2775   4.04749063032712     
        2776   4.05737437445234     
        2777   4.06733639528305     
        2778   4.07738692260520     
        2779   4.08753299328931     
        2780   4.09778120448605     
        2781   4.10813372048939     
        2782   4.11859141609375     
        2783   4.12915206164449     
        2784   4.13981217599021     
        2785   4.15056556741809     
        2786   4.16140573856097     
        2787   4.17232425566208     
        2788   4.18331216010134     
        2789   4.19436076054640     
        2790   4.20545986541261     
        2791   4.21659962999187     
        2792   4.22777015251562     
        2793   4.23896063852858     
        2794   4.25016174912974     
        2795   4.26136409995019     
        2796   4.27255838607677     
        2797   4.28373728418415     
        2798   4.29489327299250     
        2799   4.30602055444426     
        2800   4.31711534354659     
        2801   4.32817418659164     
        2802   4.33919564637200     
        2803   4.35017991200076     
        2804   4.36112914507440     
        2805   4.37204579461663     
        2806   4.38293623897478     
        2807   4.39380679575786     
        2808   4.40466603989873     
        2809   4.41552359913378     
        2810   4.42639094662680     
        2811   4.43727971874856     
        2812   4.44820299213101     
        2813   4.45917446278131     
        2814   4.47020739043626     
        2815   4.48131644191473     
        2816   4.49251537234483     
        2817   4.50381842407119     
        2818   4.51523793033772     
        2819   4.52678542240318     
        2820   4.53847016962213     
        2821   4.55029851778473     
        2822   4.56227426204661     
        2823   4.57439753480288     
        2824   4.58666532992634     
        2825   4.59907243607393     
        2826   4.61161118996665     
        2827   4.62427238750969     
        2828   4.63704478378088     
        2829   4.64991712375353     
        2830   4.66287698759794     
        2831   4.67591152367320     
        2832   4.68900730422483     
        2833   4.70215220551231     
        2834   4.71533283874982     
        2835   4.72853716600630     
        2836   4.74175321410261     
        2837   4.75496994162503     
        2838   4.76817765248829     
        2839   4.78136790364770     
        2840   4.79453213174177     
        2841   4.80766439308222     
        2842   4.82075928278434     
        2843   4.83381356692180     
        2844   4.84682454349925     
        2845   4.85979248108500     
        2846   4.87271856881777     
        2847   4.88560565014294     
        2848   4.89845947584475     
        2849   4.91128636434065     
        2850   4.92409464431870     
        2851   4.93689470787831     
        2852   4.94969700632448     
        2853   4.96251309371865     
        2854   4.97535439832755     
        2855   4.98823305849636     
        2856   5.00116027331562     
        2857   5.01414856258426     
        2858   5.02720798298802     
        2859   5.04034938273947     
        2860   5.05358151159015     
        2861   5.06691196801435     
        2862   5.08034651802930     
        2863   5.09388804356563     
        2864   5.10753654486585     
        2865   5.12128999351331     
        2866   5.13514251800656     
        2867   5.14908727204689     
        2868   5.16311524369238     
        2869   5.17721537613821     
        2870   5.19137626040139     
        2871   5.20558587131260     
        2872   5.21983078246562     
        2873   5.23409884549150     
        2874   5.24837626324940     
        2875   5.26265052138857     
        2876   5.27690995739967     
        2877   5.29114272276494     
        2878   5.30533919707684     
        2879   5.31949100097459     
        2880   5.33358998938490     
        2881   5.34763066567507     
        2882   5.36160845245054     
        2883   5.37551982038672     
        2884   5.38936294495461     
        2885   5.40313708474519     
        2886   5.41684297873660     
        2887   5.43048194556444     
        2888   5.44405816652041     
        2889   5.45757575699423     
        2890   5.47104055113429     
        2891   5.48446016546348     
        2892   5.49784175860340     
        2893   5.51119361945454     
        2894   5.52452493447690     
        2895   5.53784337795719     
        2896   5.55115631926602     
        2897   5.56447117673696     
        2898   5.57779340856362     
        2899   5.59112830588463     
        2900   5.60447931848681     
        2901   5.61784950732204     
        2902   5.63123888649746     
        2903   5.64464800553740     
        2904   5.65807421707873     
        2905   5.67151391542584     
        2906   5.68496196392244     
        2907   5.69841192081100     
        2908   5.71185589900255     
        2909   5.72528522712727     
        2910   5.73869185172429     
        2911   5.75206577263178     
        2912   5.76539739647014     
        2913   5.77867669683232     
        2914   5.79189369679056     
        2915   5.80503855830464     
        2916   5.81810061790216     
        2917   5.83107098776471     
        2918   5.84393991043545     
        2919   5.85669936136816     
        2920   5.86934257987764     
        2921   5.88186294033618     
        2922   5.89425689434672     
        2923   5.90651977004634     
        2924   5.91865144463544     
        2925   5.93065008752253     
        2926   5.94251779615977     
        2927   5.95425623888520     
        2928   5.96587020752280     
        2929   5.97736465582850     
        2930   5.98874595697819     
        2931   6.00002299637263     
        2932   6.01120421764629     
        2933   6.02229973306012     
        2934   6.03331993684987     
        2935   6.04427501750263     
        2936   6.05517478459406     
        2937   6.06602900129531     
        2938   6.07684527559874     
        2939   6.08762962072772     
        2940   6.09838809779760     
        2941   6.10912326013424     
        2942   6.11983775557450     
        2943   6.13053132054223     
        2944   6.14120273314252     
        2945   6.15184997711342     
        2946   6.16246906649534     
        2947   6.17305615903325     
        2948   6.18360631172363     
        2949   6.19411546119600     
        2950   6.20457976236443     
        2951   6.21499493270488     
        2952   6.22535815044379     
        2953   6.23566722750614     
        2954   6.24591935088791     
        2955   6.25611289703484     
        2956   6.26624583287018     
        2957   6.27631676422450     
        2958   6.28632328126203     
        2959   6.29626340973796     
        2960   6.30613539345290     
        2961   6.31593702793836     
        2962   6.32566632401507     
        2963   6.33532071807123     
        2964   6.34489967162076     
        2965   6.35440089555389     
        2966   6.36382391088020     
        2967   6.37316859005578     
        2968   6.38243611373516     
        2969   6.39162889433276     
        2970   6.40075091962534     
        2971   6.40980739704148     
        2972   6.41880519740113     
        2973   6.42775315979942     
        2974   6.43666068780890     
        2975   6.44553888746688     
        2976   6.45439861325037     
        2977   6.46325142857994     
        2978   6.47210753935105     
        2979   6.48097717593792     
        2980   6.48986839693950     
        2981   6.49878792901992     
        2982   6.50774066749082     
        2983   6.51672911430320     
        2984   6.52575396885944     
        2985   6.53481321338180     
        2986   6.54390420365672     
        2987   6.55302152875836     
        2988   6.56216023408157     
        2989   6.57131292243351     
        2990   6.58047349508193     
        2991   6.58963467242239     
        2992   6.59879150157925     
        2993   6.60793838994928     
        2994   6.61707113038476     
        2995   6.62618670607933     
        2996   6.63528197635178     
        2997   6.64435464866284     
        2998   6.65340252572947     
        2999   6.66242301608082     
        3000   6.67141516740176     
        3001   6.68037497767232     
        3002   6.68930044491032     
        3003   6.69818687188887     
        3004   6.70703091161135     
        3005   6.71582724756715     
        3006   6.72456942995817     
        3007   6.73325293386071     
        3008   6.74187161008113     
        3009   6.75042137702367     
        3010   6.75889882933336     
        3011   6.76730179367939     
        3012   6.77563108452393     
        3013   6.78388952735498     
        3014   6.79208032901282     
        3015   6.80021109417769     
        3016   6.80828963620492     
        3017   6.81632499647650     
        3018   6.82432817209303     
        3019   6.83231022954241     
        3020   6.84028143116922     
        3021   6.84825240254662     
        3022   6.85623233575426     
        3023   6.86422880645646     
        3024   6.87224775657207     
        3025   6.88029359199931     
        3026   6.88836832161188     
        3027   6.89647277865518     
        3028   6.90460607962902     
        3029   6.91276630565636     
        3030   6.92094966471547     
        3031   6.92915207651485     
        3032   6.93736970589348     
        3033   6.94559766873083     
        3034   6.95383167874873     
        3035   6.96206658136391     
        3036   6.97029818946890     
        3037   6.97852134776536     
        3038   6.98673180329906     
        3039   6.99492460168954     
        3040   7.00309449496847     
        3041   7.01123746536722     
        3042   7.01934708924427     
        3043   7.02741845715018     
        3044   7.03544486995320     
        3045   7.04341880888065     
        3046   7.05133272585413     
        3047   7.05917859877892     
        3048   7.06694660471601     
        3049   7.07462814707733     
        3050   7.08221472954703     
        3051   7.08969868575569     
        3052   7.09707378687764     
        3053   7.10433543099185     
        3054   7.11148203158412     
        3055   7.11851350794035     
        3056   7.12543179348889     
        3057   7.13224172201590     
        3058   7.13894889849040     
        3059   7.14556160028355     
        3060   7.15208986336907     
        3061   7.15854320101279     
        3062   7.16493230341468     
        3063   7.17126905997712     
        3064   7.17756395204446     
        3065   7.18382780635024     
        3066   7.19007046403809     
        3067   7.19630116949233     
        3068   7.20252818172575     
        3069   7.20875910622577     
        3070   7.21500086817771     
        3071   7.22126020776836     
        3072   7.22754276664056     
        3073   7.23385372150411     
        3074   7.24019809972716     
        3075   7.24657966699851     
        3076   7.25299973710163     
        3077   7.25946020968331     
        3078   7.26595959835778     
        3079   7.27249516928447     
        3080   7.27906184561004     
        3081   7.28565393380787     
        3082   7.29226333518273     
        3083   7.29888018260244     
        3084   7.30549566868553     
        3085   7.31209737273852     
        3086   7.31867417054866     
        3087   7.32521350935485     
        3088   7.33170192743391     
        3089   7.33812711153027     
        3090   7.34447641905941     
        3091   7.35073795643059     
        3092   7.35690086034346     
        3093   7.36295599884646     
        3094   7.36889669228852     
        3095   7.37471678872389     
        3096   7.38041436707388     
        3097   7.38598716710247     
        3098   7.39143645351743     
        3099   7.39676512498575     
        3100   7.40197813271152     
        3101   7.40708058719061     
        3102   7.41208032184773     
        3103   7.41698605687936     
        3104   7.42180717324703     
        3105   7.42655426865849     
        3106   7.43123870812375     
        3107   7.43587322608004     
        3108   7.44046824133160     
        3109   7.44503822772186     
        3110   7.44959520447451     
        3111   7.45415348289588     
        3112   7.45872615385456     
        3113   7.46332835814204     
        3114   7.46797378795290     
        3115   7.47267671105215     
        3116   7.47744993560250     
        3117   7.48230604602569     
        3118   7.48725432732602     
        3119   7.49230141409020     
        3120   7.49745103016701     
        3121   7.50270337190163     
        3122   7.50805344700104     
        3123   7.51349365344157     
        3124   7.51901267277169     
        3125   7.52459651768162     
        3126   7.53022929301867     
        3127   7.53589228686599     
        3128   7.54156778635515     
        3129   7.54723687537522     
        3130   7.55288217622520     
        3131   7.55848565835814     
        3132   7.56403262101336     
        3133   7.56951045865983     
        3134   7.57490776355823     
        3135   7.58021599619737     
        3136   7.58542922988807     
        3137   7.59054292314428     
        3138   7.59555551496397     
        3139   7.60046591281911     
        3140   7.60527487278407     
        3141   7.60998551228972     
        3142   7.61460064580777     
        3143   7.61912543846463     
        3144   7.62356492559476     
        3145   7.62792618694246     
        3146   7.63221625991250     
        3147   7.63644359759066     
        3148   7.64061905866027     
        3149   7.64475233868567     
        3150   7.64885525129479     
        3151   7.65294087693744     
        3152   7.65702371567572     
        3153   7.66111870271166     
        3154   7.66524147110743     
        3155   7.66940901908092     
        3156   7.67363787772711     
        3157   7.67794495578182     
        3158   7.68234592800724     
        3159   7.68685503615051     
        3160   7.69148413543274     
        3161   7.69624133152790     
        3162   7.70113234193618     
        3163   7.70615792466619     
        3164   7.71131464661248     
        3165   7.71659536110475     
        3166   7.72198839067815     
        3167   7.72748139222944     
        3168   7.73305711983414     
        3169   7.73869972517263     
        3170   7.74439140597877     
        3171   7.75011585719899     
        3172   7.75585714344590     
        3173   7.76160211748433     
        3174   7.76733900079949     
        3175   7.77305774482897     
        3176   7.77875175713273     
        3177   7.78441468277998     
        3178   7.79004357394217     
        3179   7.79563599932440     
        3180   7.80119132029742     
        3181   7.80670952533564     
        3182   7.81219138162703     
        3183   7.81763956572402     
        3184   7.82305580948996     
        3185   7.82844347164585     
        3186   7.83380682476145     
        3187   7.83914928386819     
        3188   7.84447695371922     
        3189   7.84979546524499     
        3190   7.85511165118295     
        3191   7.86043381746736     
        3192   7.86577046154537     
        3193   7.87113180301905     
        3194   7.87652820468342     
        3195   7.88197115845875     
        3196   7.88747161895291     
        3197   7.89304272166818     
        3198   7.89869452485342     
        3199   7.90443916478018     
        3200   7.91028571248015     
        3201   7.91624270057187     
        3202   7.92231572827740     
        3203   7.92850904203948     
        3204   7.93482243208809     
        3205   7.94125385321810     
        3206   7.94779783291780     
        3207   7.95444529731647     
        3208   7.96118577788730     
        3209   7.96800643404017     
        3210   7.97489295593841     
        3211   7.98183164055073     
        3212   7.98880854870215     
        3213   7.99580996068977     
        3214   8.00282464846768     
        3215   8.00984214037462     
        3216   8.01685328655239     
        3217   8.02385129013696     
        3218   8.03083130223451     
        3219   8.03778859883189     
        3220   8.04472029436110     
        3221   8.05162450485700     
        3222   8.05850097031153     
        3223   8.06534898858846     
        3224   8.07216927976402     
        3225   8.07896272047049     
        3226   8.08573136643015     
        3227   8.09247690415897     
        3228   8.09920152412291     
        3229   8.10590880969797     
        3230   8.11260225512268     
        3231   8.11928655566755     
        3232   8.12596547152414     
        3233   8.13264566075581     
        3234   8.13933210789563     
        3235   8.14603177152616     
        3236   8.15275119460231     
        3237   8.15949681341485     
        3238   8.16627521979971     
        3239   8.17309136510681     
        3240   8.17995134090891     
        3241   8.18685837490695     
        3242   8.19381576541283     
        3243   8.20082412085057     
        3244   8.20788423878064     
        3245   8.21499334582174     
        3246   8.22214936771900     
        3247   8.22934665622141     
        3248   8.23658079777585     
        3249   8.24384464478356     
        3250   8.25113176447592     
        3251   8.25843478880120     
        3252   8.26574831297034     
        3253   8.27306538682817     
        3254   8.28038036952287     
        3255   8.28768986016607     
        3256   8.29498962929011     
        3257   8.30227656940185     
        3258   8.30954834990369     
        3259   8.31680237210570     
        3260   8.32403648388870     
        3261   8.33124997868717     
        3262   8.33844083222566     
        3263   8.34560821561337     
        3264   8.35275150413431     
        3265   8.35987094303795     
        3266   8.36696677966550     
        3267   8.37403957602044     
        3268   8.38109049636593     
        3269   8.38812229465170     
        3270   8.39513538536958     
        3271   8.40213292571464     
        3272   8.40911783897869     
        3273   8.41609265187499     
        3274   8.42306038676476     
        3275   8.43002432145025     
        3276   8.43698739823531     
        3277   8.44395244954526     
        3278   8.45092144233256     
        3279   8.45789707363969     
        3280   8.46487952181247     
        3281   8.47187026413489     
        3282   8.47886816675708     
        3283   8.48587206760999     
        3284   8.49288023384209     
        3285   8.49988914166242     
        3286   8.50689587631485     
        3287   8.51389645606082     
        3288   8.52088778351249     
        3289   8.52786718368474     
        3290   8.53483302539094     
        3291   8.54178528272208     
        3292   8.54872512000455     
        3293   8.55565514510051     
        3294   8.56257995247914     
        3295   8.56950414386393     
        3296   8.57643327103505     
        3297   8.58337264266616     
        3298   8.59032654924124     
        3299   8.59729955205671     
        3300   8.60429375542967     
        3301   8.61131064466914     
        3302   8.61835085045045     
        3303   8.62541344336882     
        3304   8.63249693017630     
        3305   8.63959993168684     
        3306   8.64672147324674     
        3307   8.65386064123852     
        3308   8.66101650368397     
        3309   8.66819082101147     
        3310   8.67538345689039     
        3311   8.68259715208261     
        3312   8.68983346198083     
        3313   8.69709458426639     
        3314   8.70438333037636     
        3315   8.71170299994993     
        3316   8.71905504656923     
        3317   8.72644114445188     
        3318   8.73386354415340     
        3319   8.74132213720008     
        3320   8.74881671347768     
        3321   8.75634708280110     
        3322   8.76391154602995     
        3323   8.77150831090118     
        3324   8.77913534139762     
        3325   8.78679016418533     
        3326   8.79446988704916     
        3327   8.80217245855893     
        3328   8.80989616664160     
        3329   8.81763934021023     
        3330   8.82540289488236     
        3331   8.83318815263442     
        3332   8.84099923803798     
        3333   8.84884174582174     
        3334   8.85672293936532     
        3335   8.86465230042651     
        3336   8.87263812348376     
        3337   8.88068985871324     
        3338   8.88881664518274     
        3339   8.89702582334004     
        3340   8.90532216924247     
        3341   8.91370938302357     
        3342   8.92218769848526     
        3343   8.93075612671882     
        3344   8.93941045943703     
        3345   8.94814595940517     
        3346   8.95695692829950     
        3347   8.96583592600386     
        3348   8.97477787810546     
        3349   8.98377600584374     
        3350   8.99282602645668     
        3351   9.00192345879089     
        3352   9.01106586402284     
        3353   9.02025037545695     
        3354   9.02947642586617     
        3355   9.03874324977577     
        3356   9.04805008954947     
        3357   9.05739653258080     
        3358   9.06678070756097     
        3359   9.07620320423440     
        3360   9.08565947048368     
        3361   9.09514722368603     
        3362   9.10466279471731     
        3363   9.11420117723029     
        3364   9.12375879766376     
        3365   9.13333073019076     
        3366   9.14291155251845     
        3367   9.15249837658161     
        3368   9.16208747012097     
        3369   9.17167684149667     
        3370   9.18126460009652     
        3371   9.19085112872770     
        3372   9.20043733177950     
        3373   9.21002627485757     
        3374   9.21962313269113     
        3375   9.22923216314774     
        3376   9.23886092017516     
        3377   9.24851666867151     
        3378   9.25820651494010     
        3379   9.26793603023761     
        3380   9.27771179410392     
        3381   9.28753647682766     
        3382   9.29741226084615     
        3383   9.30733881677012     
        3384   9.31731454610599     
        3385   9.32733529298893     
        3386   9.33739615117500     
        3387   9.34749117896511     
        3388   9.35761443053403     
        3389   9.36776031460986     
        3390   9.37792377987395     
        3391   9.38810094353099     
        3392   9.39828992793283     
        3393   9.40848765079954     
        3394   9.41869590156858     
        3395   9.42891605933401     
        3396   9.43915047806520     
        3397   9.44940280820724     
        3398   9.45967660303950     
        3399   9.46997452362978     
        3400   9.48030155804330     
        3401   9.49065935931019     
        3402   9.50105088794855     
        3403   9.51147643399672     
        3404   9.52193741677641     
        3405   9.53243326853529     
        3406   9.54296526008921     
        3407   9.55353347530552     
        3408   9.56413963112125     
        3409   9.57478503449248     
        3410   9.58547329632689     
        3411   9.59620740823354     
        3412   9.60699216016300     
        3413   9.61783328495653     
        3414   9.62873686791404     
        3415   9.63970981080079     
        3416   9.65075899483970     
        3417   9.66189054838082     
        3418   9.67311201162959     
        3419   9.68442806425431     
        3420   9.69584365686129     
        3421   9.70736116469103     
        3422   9.71898204655767     
        3423   9.73070627738820     
        3424   9.74253223224390     
        3425   9.75445567799932     
        3426   9.76647340082375     
        3427   9.77858010800130     
        3428   9.79076989064439     
        3429   9.80303677757302     
        3430   9.81537508632285     
        3431   9.82778003394960     
        3432   9.84024698534632     
        3433   9.85277294795080     
        3434   9.86535543996776     
        3435   9.87799387314975     
        3436   9.89068856372127     
        3437   9.90344008870172     
        3438   9.91625037931958     
        3439   9.92912123835335     
        3440   9.94205599940998     
        3441   9.95505619823432     
        3442   9.96812356638852     
        3443   9.98125874912106     
        3444   9.99446253641831     
        3445   10.0077342589521     
        3446   10.0210729848648     
        3447   10.0344779244605     
        3448   10.0479476288015     
        3449   10.0614826665326     
        3450   10.0750828229465     
        3451   10.0887491901612     
        3452   10.1024837439978     
        3453   10.1162896264126     
        3454   10.1301707866209     
        3455   10.1441310152806     
        3456   10.1581752061873     
        3457   10.1723068562082     
        3458   10.1865291737720     
        3459   10.2008433240002     
        3460   10.2152494026369     
        3461   10.2297445632435     
        3462   10.2443239608177     
        3463   10.2589811620396     
        3464   10.2737080822732     
        3465   10.2884955591999     
        3466   10.3033335060229     
        3467   10.3182104854816     
        3468   10.3331158279600     
        3469   10.3480399017369     
        3470   10.3629710888759     
        3471   10.3779006698099     
        3472   10.3928196271174     
        3473   10.4077206944573     
        3474   10.4225967684631     
        3475   10.4374424378881     
        3476   10.4522528641921     
        3477   10.4670243330373     
        3478   10.4817537894487     
        3479   10.4964397026380     
        3480   10.5110805669853     
        3481   10.5256748452934     
        3482   10.5402229234198     
        3483   10.5547234090645     
        3484   10.5691772383758     
        3485   10.5835826244067     
        3486   10.5979409467191     
        3487   10.6122528648126     
        3488   10.6265183013093     
        3489   10.6407389898883     
        3490   10.6549167042402     
        3491   10.6690556438135     
        3492   10.6831599600776     
        3493   10.6972349867282     
        3494   10.7112879043824     
        3495   10.7253261689667     
        3496   10.7393581063507     
        3497   10.7533930142797     
        3498   10.7674395667710     
        3499   10.7815049946047     
        3500   10.7955939417559     
        3501   10.8097108532730     
        3502   10.8238536259688     
        3503   10.8380214425404     
        3504   10.8522089095281     
        3505   10.8664089929451     
        3506   10.8806141261150     
        3507   10.8948153397061     
        3508   10.9090041680548     
        3509   10.9231728985217     
        3510   10.9373128397771     
        3511   10.9514181576629     
        3512   10.9654799112091     
        3513   10.9794935474482     
        3514   10.9934509475135     
        3515   11.0073475452046     
        3516   11.0211768402833     
        3517   11.0349324908431     
        3518   11.0486091173560     
        3519   11.0622005036467     
        3520   11.0757002830354     
        3521   11.0891034627362     
        3522   11.1024040188999     
        3523   11.1155965667711     
        3524   11.1286756831596     
        3525   11.1416379813905     
        3526   11.1544794276927     
        3527   11.1671978515500     
        3528   11.1797918013688     
        3529   11.1922619251492     
        3530   11.2046106203894     
        3531   11.2168410186867     
        3532   11.2289592723962     
        3533   11.2409727509490     
        3534   11.2528900766228     
        3535   11.2647229260120     
        3536   11.2764836181435     
        3537   11.2881862899187     
        3538   11.2998444734249     
        3539   11.3114738287005     
        3540   11.3230878814010     
        3541   11.3346993424433     
        3542   11.3463181143457     
        3543   11.3579522032767     
        3544   11.3696056778913     
        3545   11.3812803807530     
        3546   11.3929764512331     
        3547   11.4046905595674     
        3548   11.4164218309316     
        3549   11.4281656137928     
        3550   11.4399189345345     
        3551   11.4516777465332     
        3552   11.4634376875514     
        3553   11.4751949993766     
        3554   11.4869438866096     
        3555   11.4986790964331     
        3556   11.5103934890067     
        3557   11.5220791813591     
        3558   11.5337270644080     
        3559   11.5453286996830     
        3560   11.5568736949553     
        3561   11.5683510912553     
        3562   11.5797504378086     
        3563   11.5910604378059     
        3564   11.6022720176807     
        3565   11.6133752247037     
        3566   11.6243617041253     
        3567   11.6352243549338     
        3568   11.6459584244812     
        3569   11.6565595685708     
        3570   11.6670274741481     
        3571   11.6773629754385     
        3572   11.6875704206273     
        3573   11.6976550467062     
        3574   11.7076250110303     
        3575   11.7174899809809     
        3576   11.7272634340959     
        3577   11.7369579775705     
        3578   11.7465891728532     
        3579   11.7561737765660     
        3580   11.7657286159455     
        3581   11.7752706571397     
        3582   11.7848154863731     
        3583   11.7943777756217     
        3584   11.8039686978973     
        3585   11.8135975031819     
        3586   11.8232689944972     
        3587   11.8329860086421     
        3588   11.8427502643737     
        3589   11.8525605362311     
        3590   11.8624139775829     
        3591   11.8723077519986     
        3592   11.8822371399037     
        3593   11.8921977585206     
        3594   11.9021831025862     
        3595   11.9121843146500     
        3596   11.9221929618495     
        3597   11.9321971908961     
        3598   11.9421849628770     
        3599   11.9521432562661     
        3600   11.9620574274988     
        3601   11.9719119471446     
        3602   11.9816915850786     
        3603   11.9913826226822     
        3604   12.0009688509486     
        3605   12.0104382216301     
        3606   12.0197785558969     
        3607   12.0289788044591     
        3608   12.0380301379033     
        3609   12.0469261757591     
        3610   12.0556622530365     
        3611   12.0642354482555     
        3612   12.0726466843555     
        3613   12.0808977674236     
        3614   12.0889936788278     
        3615   12.0969405874314     
        3616   12.1047476108536     
        3617   12.1124266279106     
        3618   12.1199901860802     
        3619   12.1274542948715     
        3620   12.1348353855549     
        3621   12.1421525698387     
        3622   12.1494259276792     
        3623   12.1566744552546     
        3624   12.1639182392717     
        3625   12.1711742541368     
        3626   12.1784588213869     
        3627   12.1857838495113     
        3628   12.1931605016203     
        3629   12.2005949709628     
        3630   12.2080922333473     
        3631   12.2156543641075     
        3632   12.2232821955536     
        3633   12.2309735995630     
        3634   12.2387247715816     
        3635   12.2465300976578     
        3636   12.2543816496735     
        3637   12.2622686923946     
        3638   12.2701777792723     
        3639   12.2780954678759     
        3640   12.2860053461768     
        3641   12.2938901703918     
        3642   12.3017329546067     
        3643   12.3095155569460     
        3644   12.3172226386459     
        3645   12.3248371508405     
        3646   12.3323456453160     
        3647   12.3397358837187     
        3648   12.3469971549686     
        3649   12.3541215046949     
        3650   12.3611034610469     
        3651   12.3679397449067     
        3652   12.3746288536046     
        3653   12.3811726418568     
        3654   12.3875729495442     
        3655   12.3938357433787     
        3656   12.3999676469169     
        3657   12.4059762696003     
        3658   12.4118715721504     
        3659   12.4176652259154     
        3660   12.4233712473213     
        3661   12.4290030780741     
        3662   12.4345785156577     
        3663   12.4401156037693     
        3664   12.4456326281353     
        3665   12.4511485030987     
        3666   12.4566821738211     
        3667   12.4622514229580     
        3668   12.4678718144540     
        3669   12.4735581107922     
        3670   12.4793223472590     
        3671   12.4851747960442     
        3672   12.4911242537801     
        3673   12.4971764186115     
        3674   12.5033365634319     
        3675   12.5096073512452     
        3676   12.5159887458835     
        3677   12.5224797025085     
        3678   12.5290756863776     
        3679   12.5357697504777     
        3680   12.5425539481289     
        3681   12.5494180587508     
        3682   12.5563498061526     
        3683   12.5633368579738     
        3684   12.5703663188755     
        3685   12.5774256276616     
        3686   12.5845030018564     
        3687   12.5915863057282     
        3688   12.5986671258233     
        3689   12.6057363035034     
        3690   12.6127871214078     
        3691   12.6198143871178     
        3692   12.6268155480655     
        3693   12.6337867198959     
        3694   12.6407278504002     
        3695   12.6476390391689     
        3696   12.6545210506362     
        3697   12.6613754597893     
        3698   12.6682044607548     
        3699   12.6750110359050     
        3700   12.6817985042751     
        3701   12.6885715090252     
        3702   12.6953357808826     
        3703   12.7020990456010     
        3704   12.7088681352429     
        3705   12.7156532658384     
        3706   12.7224627901706     
        3707   12.7293075716827     
        3708   12.7361976105496     
        3709   12.7431416935418     
        3710   12.7501485420739     
        3711   12.7572264619794     
        3712   12.7643834245815     
        3713   12.7716265560884     
        3714   12.7789615062478     
        3715   12.7863945532545     
        3716   12.7939307235122     
        3717   12.8015722226087     
        3718   12.8093215857907     
        3719   12.8171789806945     
        3720   12.8251422133132     
        3721   12.8332078698875     
        3722   12.8413709348338     
        3723   12.8496249129823     
        3724   12.8579621567538     
        3725   12.8663759968793     
        3726   12.8748585902697     
        3727   12.8834031357549     
        3728   12.8920016532956     
        3729   12.9006485594447     
        3730   12.9093397010682     
        3731   12.9180689101873     
        3732   12.9268337052658     
        3733   12.9356307440450     
        3734   12.9444580602158     
        3735   12.9533131035070     
        3736   12.9621953279927     
        3737   12.9711022363696     
        3738   12.9800336265243     
        3739   12.9889871843134     
        3740   12.9979622127555     
        3741   13.0069582528786     
        3742   13.0159747668935     
        3743   13.0250129753677     
        3744   13.0340739228505     
        3745   13.0431602565330     
        3746   13.0522759478871     
        3747   13.0614249082542     
        3748   13.0706115560623     
        3749   13.0798406197685     
        3750   13.0891171611896     
        3751   13.0984471059283     
        3752   13.1078335492212     
        3753   13.1172830901624     
        3754   13.1268008335355     
        3755   13.1363926881981     
        3756   13.1460648773106     
        3757   13.1558238834448     
        3758   13.1656741180146     
        3759   13.1756200556292     
        3760   13.1856634912808     
        3761   13.1958062461313     
        3762   13.2060467322033     
        3763   13.2163825247008     
        3764   13.2268108301118     
        3765   13.2373268510231     
        3766   13.2479250886520     
        3767   13.2586002295343     
        3768   13.2693473902749     
        3769   13.2801615524832     
        3770   13.2910378466189     
        3771   13.3019710532050     
        3772   13.3129567385326     
        3773   13.3239903200693     
        3774   13.3350671564993     
        3775   13.3461832844691     
        3776   13.3573326972768     
        3777   13.3685094612548     
        3778   13.3797079310563     
        3779   13.3909212857345     
        3780   13.4021430681159     
        3781   13.4133661193847     
        3782   13.4245845878883     
        3783   13.4357924348771     
        3784   13.4469851163831     
        3785   13.4581594604225     
        3786   13.4693135349428     
        3787   13.4804467054327     
        3788   13.4915595152933     
        3789   13.5026529348261     
        3790   13.5137287765364     
        3791   13.5247900028882     
        3792   13.5358392559600     
        3793   13.5468795083749     
        3794   13.5579153390731     
        3795   13.5689507383312     
        3796   13.5799928456065     
        3797   13.5910477588447     
        3798   13.6021229818207     
        3799   13.6132263213780     
        3800   13.6243649046157     
        3801   13.6355432905976     
        3802   13.6467674209262     
        3803   13.6580392525776     
        3804   13.6693598088628     
        3805   13.6807310787543     
        3806   13.6921505587512     
        3807   13.7036172648032     
        3808   13.7151294233509     
        3809   13.7266836852055     
        3810   13.7382785575014     
        3811   13.7499117290528     
        3812   13.7615796926445     
        3813   13.7732803929400     
        3814   13.7850096404423     
        3815   13.7967650288755     
        3816   13.8085409713953     
        3817   13.8203326745939     
        3818   13.8321350190473     
        3819   13.8439398170554     
        3820   13.8557406181839     
        3821   13.8675286734090     
        3822   13.8792960665698     
        3823   13.8910339842220     
        3824   13.9027343573067     
        3825   13.9143902077174     
        3826   13.9259957775204     
        3827   13.9375474431393     
        3828   13.9490408739099     
        3829   13.9604746620008     
        3830   13.9718482478818     
        3831   13.9831611937328     
        3832   13.9944148882178     
        3833   14.0056103462242     
        3834   14.0167496906195     
        3835   14.0278343643121     
        3836   14.0388687860690     
        3837   14.0498574736951     
        3838   14.0608053409414     
        3839   14.0717193128810     
        3840   14.0826061229434     
        3841   14.0934725301619     
        3842   14.1043271381539     
        3843   14.1151758238449     
        3844   14.1260248361468     
        3845   14.1368798541704     
        3846   14.1477445045008     
        3847   14.1586226204541     
        3848   14.1695167917453     
        3849   14.1804279758357     
        3850   14.1913572116012     
        3851   14.2023041576548     
        3852   14.2132679804075     
        3853   14.2242455245377     
        3854   14.2352343247070     
        3855   14.2462302642949     
        3856   14.2572288245927     
        3857   14.2682251143998     
        3858   14.2792110155747     
        3859   14.2901811132981     
        3860   14.3011267550315     
        3861   14.3120402189984     
        3862   14.3229121328200     
        3863   14.3337330565956     
        3864   14.3444955675203     
        3865   14.3551898233201     
        3866   14.3658075673346     
        3867   14.3763412974181     
        3868   14.3867862168872     
        3869   14.3971354091101     
        3870   14.4073856010978     
        3871   14.4175334177081     
        3872   14.4275765288714     
        3873   14.4375127488972     
        3874   14.4473416697502     
        3875   14.4570634096052     
        3876   14.4666779358463     
        3877   14.4761873787950     
        3878   14.4855946300090     
        3879   14.4949030871083     
        3880   14.5041181833668     
        3881   14.5132458475684     
        3882   14.5222944142222     
        3883   14.5312723543425     
        3884   14.5401883944988     
        3885   14.5490527810774     
        3886   14.5578753458909     
        3887   14.5666666566737     
        3888   14.5754371143848     
        3889   14.5841958774708     
        3890   14.5929506367500     
        3891   14.6017106290052     
        3892   14.6104814563719     
        3893   14.6192680673931     
        3894   14.6280728750253     
        3895   14.6368989536404     
        3896   14.6457462748607     
        3897   14.6546146874475     
        3898   14.6635022373933     
        3899   14.6724086009222     
        3900   14.6813295698744     
        3901   14.6902633210240     
        3902   14.6992066063736     
        3903   14.7081560283109     
        3904   14.7171079976952     
        3905   14.7260607521182     
        3906   14.7350101069808     
        3907   14.7439534279839     
        3908   14.7528886210707     
        3909   14.7618135675413     
        3910   14.7707258952075     
        3911   14.7796239166270     
        3912   14.7885053395869     
        3913   14.7973691018254     
        3914   14.8062125286924     
        3915   14.8150338468264     
        3916   14.8238317698350     
        3917   14.8326054294987     
        3918   14.8413539176956     
        3919   14.8500772006281     
        3920   14.8587760958314     
        3921   14.8674526771075     
        3922   14.8761084623574     
        3923   14.8847468991102     
        3924   14.8933721538946     
        3925   14.9019891539262     
        3926   14.9106014678893     
        3927   14.9192154235645     
        3928   14.9278371404041     
        3929   14.9364727503305     
        3930   14.9451275720535     
        3931   14.9538080062258     
        3932   14.9625181839449     
        3933   14.9712628985825     
        3934   14.9800451291463     
        3935   14.9888671977245     
        3936   14.9977292635784     
        3937   15.0066323606410     
        3938   15.0155744444051     
        3939   15.0245554338340     
        3940   15.0335715238209     
        3941   15.0426211606210     
        3942   15.0517004336442     
        3943   15.0608086689864     
        3944   15.0699402241856     
        3945   15.0790938865591     
        3946   15.0882673073419     
        3947   15.0974574012478     
        3948   15.1066633799370     
        3949   15.1158833997853     
        3950   15.1251158873307     
        3951   15.1343620552601     
        3952   15.1436189817076     
        3953   15.1528865618936     
        3954   15.1621633462550     
        3955   15.1714488888872     
        3956   15.1807421328506     
        3957   15.1900406669233     
        3958   15.1993447527328     
        3959   15.2086541595339     
        3960   15.2179686435468     
        3961   15.2272898487864     
        3962   15.2366190025376     
        3963   15.2459583613464     
        3964   15.2553102248366     
        3965   15.2646778558133     
        3966   15.2740625401980     
        3967   15.2834679579951     
        3968   15.2928961490827     
        3969   15.3023488454719     
        3970   15.3118286572670     
        3971   15.3213390300537     
        3972   15.3308799212959     
        3973   15.3404539320444     
        3974   15.3500617602730     
        3975   15.3597040480574     
        3976   15.3693814045591     
        3977   15.3790926513612     
        3978   15.3888380707861     
        3979   15.3986139887328     
        3980   15.4084202763806     
        3981   15.4182536137749     
        3982   15.4281109002260     
        3983   15.4379880641951     
        3984   15.4478828948500     
        3985   15.4577904244354     
        3986   15.4677062008280     
        3987   15.4776275853571     
        3988   15.4875492053884     
        3989   15.4974675470383     
        3990   15.5073812478033     
        3991   15.5172857494403     
        3992   15.5271797467227     
        3993   15.5370611616961     
        3994   15.5469282186222     
        3995   15.5567796429470     
        3996   15.5666145684192     
        3997   15.5764312568971     
        3998   15.5862308620611     
        3999   15.5960130568816     
        4000   15.6057797020333     
        4001   15.6155324872967     
        4002   15.6252740578160     
        4003   15.6350097973171     
        4004   15.6447434319073     
        4005   15.6544794528955     
        4006   15.6642230298625     
        4007   15.6739764182348     
        4008   15.6837427491723     
        4009   15.6935235727592     
        4010   15.7033188269319     
        4011   15.7131275330739     
        4012   15.7229487527219     
        4013   15.7327821640791     
        4014   15.7426236156623     
        4015   15.7524728984384     
        4016   15.7623253830523     
        4017   15.7721804195840     
        4018   15.7820356724305     
        4019   15.7918890007166     
        4020   15.8017387684252     
        4021   15.8115831521105     
        4022   15.8214208472765     
        4023   15.8312487715136     
        4024   15.8410642636811     
        4025   15.8508635739500     
        4026   15.8606425801880     
        4027   15.8703962771320     
        4028   15.8801185118809     
        4029   15.8898034256261     
        4030   15.8994453470113     
        4031   15.9090374681347     
        4032   15.9185739895523     
        4033   15.9280489836815     
        4034   15.9374569615736     
        4035   15.9467934080018     
        4036   15.9560543972639     
        4037   15.9652366151080     
        4038   15.9743397364900     
        4039   15.9833623834619     
        4040   15.9923068763339     
        4041   16.0011766945624     
        4042   16.0099767656892     
        4043   16.0187148149770     
        4044   16.0273988071728     
        4045   16.0360393793370     
        4046   16.0446466341182     
        4047   16.0532295758377     
        4048   16.0617972013160     
        4049   16.0703558302305     
        4050   16.0789116357577     
        4051   16.0874661721468     
        4052   16.0960220096899     
        4053   16.1045789622193     
        4054   16.1131353220649     
        4055   16.1216899753841     
        4056   16.1302413849623     
        4057   16.1387867066586     
        4058   16.1473236221448     
        4059   16.1558522704864     
        4060   16.1643708716386     
        4061   16.1728788941815     
        4062   16.1813749450165     
        4063   16.1898597618498     
        4064   16.1983316990561     
        4065   16.2067898344517     
        4066   16.2152308200794     
        4067   16.2236524519109     
        4068   16.2320494032178     
        4069   16.2404165003346     
        4070   16.2487463212201     
        4071   16.2570335448829     
        4072   16.2652693180212     
        4073   16.2734460123510     
        4074   16.2815565058248     
        4075   16.2895930806713     
        4076   16.2975486288672     
        4077   16.3054177324278     
        4078   16.3131959301061     
        4079   16.3208803892704     
        4080   16.3284707332811     
        4081   16.3359687387948     
        4082   16.3433796078249     
        4083   16.3507101617562     
        4084   16.3579693586012     
        4085   16.3651704958939     
        4086   16.3723277619747     
        4087   16.3794548242827     
        4088   16.3865683071111     
        4089   16.3936819952026     
        4090   16.4008085311912     
        4091   16.4079587872321     
        4092   16.4151425367272     
        4093   16.4223675873548     
        4094   16.4296386067872     
        4095   16.4369600289919     
        4096   16.4443354265654     
        4097   16.4517666952495     
        4098   16.4592557185276     
        4099   16.4668037152980     
        4100   16.4744114426908     
        4101   16.4820797983711     
        4102   16.4898075183580     
        4103   16.4975945995726     
        4104   16.5054395098326     
        4105   16.5133378795918     
        4106   16.5212855682233     
        4107   16.5292766505677     
        4108   16.5373031591124     
        4109   16.5453547146486     
        4110   16.5534205688468     
        4111   16.5614885368580     
        4112   16.5695451576907     
        4113   16.5775759981517     
        4114   16.5855666101383     
        4115   16.5935029357898     
        4116   16.6013705015261     
        4117   16.6091558882242     
        4118   16.6168475453540     
        4119   16.6244356197654     
        4120   16.6319118805947     
        4121   16.6392715722277     
        4122   16.6465118983697     
        4123   16.6536353520175     
        4124   16.6606461094634     
        4125   16.6675530550859     
        4126   16.6743688488062     
        4127   16.6811085848083     
        4128   16.6877901297042     
        4129   16.6944311528189     
        4130   16.7010512120457     
        4131   16.7076690826836     
        4132   16.7143025200498     
        4133   16.7209670992653     
        4134   16.7276782101176     
        4135   16.7344474576599     
        4136   16.7412864905228     
        4137   16.7482060590966     
        4138   16.7552155896378     
        4139   16.7623220523403     
        4140   16.7695338331553     
        4141   16.7768564769809     
        4142   16.7842962550652     
        4143   16.7918553552164     
        4144   16.7995362214021     
        4145   16.8073383997330     
        4146   16.8152592219568     
        4147   16.8232937874674     
        4148   16.8314332099141     
        4149   16.8396681342116     
        4150   16.8479859016678     
        4151   16.8563717747747     
        4152   16.8648085609472     
        4153   16.8732807692861     
        4154   16.8817676700489     
        4155   16.8902525651837     
        4156   16.8987163247758     
        4157   16.9071415914245     
        4158   16.9155127083183     
        4159   16.9238149957059     
        4160   16.9320367335649     
        4161   16.9401697457968     
        4162   16.9482079025630     
        4163   16.9561488653567     
        4164   16.9639948669400     
        4165   16.9717522588390     
        4166   16.9794305152101     
        4167   16.9870433823992     
        4168   16.9946082285664     
        4169   17.0021441433673     
        4170   17.0096736217601     
        4171   17.0172195524854     
        4172   17.0248043243527     
        4173   17.0324517394569     
        4174   17.0401813124803     
        4175   17.0480135816436     
        4176   17.0559668886502     
        4177   17.0640574053840     
        4178   17.0723010682089     
        4179   17.0807115521763     
        4180   17.0893020983804     
        4181   17.0980829140458     
        4182   17.1070657518330     
        4183   17.1162577005322     
        4184   17.1256649663283     
        4185   17.1352904620955     
        4186   17.1451367954267     
        4187   17.1552009181726     
        4188   17.1654783918700     
        4189   17.1759614682277     
        4190   17.1866394967760     
        4191   17.1974994702422     
        4192   17.2085255727599     
        4193   17.2197008299106     
        4194   17.2310059476442     
        4195   17.2424223844524     
        4196   17.2539295213173     
        4197   17.2655085750076     
        4198   17.2771400065658     
        4199   17.2888076690512     
        4200   17.3004955004688     
        4201   17.3121919328836     
        4202   17.3238859586958     
        4203   17.3355720551951     
        4204   17.3472472305281     
        4205   17.3589120231087     
        4206   17.3705713687904     
        4207   17.3822318703446     
        4208   17.3939051238523     
        4209   17.4056038415427     
        4210   17.4173444573266     
        4211   17.4291420532933     
        4212   17.4410157696933     
        4213   17.4529816537396     
        4214   17.4650565375194     
        4215   17.4772561445128     
        4216   17.4895935088828     
        4217   17.5020813530649     
        4218   17.5147293574928     
        4219   17.5275468366337     
        4220   17.5405403314226     
        4221   17.5537167222876     
        4222   17.5670789685589     
        4223   17.5806293890896     
        4224   17.5943685623201     
        4225   17.6082958457131     
        4226   17.6224071235083     
        4227   17.6366967267163     
        4228   17.6511567897620     
        4229   17.6657780157001     
        4230   17.6805471901951     
        4231   17.6954510421089     
        4232   17.7104743529601     
        4233   17.7255982120755     
        4234   17.7408063183267     
        4235   17.7560777153391     
        4236   17.7713930568242     
        4237   17.7867320421440     
        4238   17.8020758794235     
        4239   17.8174047500366     
        4240   17.8327021415488     
        4241   17.8479514324711     
        4242   17.8631398874009     
        4243   17.8782559677177     
        4244   17.8932929745069     
        4245   17.9082458326778     
        4246   17.9231136948333     
        4247   17.9378978760659     
        4248   17.9526033447566     
        4249   17.9672370934393     
        4250   17.9818089323834     
        4251   17.9963290600121     
        4252   18.0108097954603     
        4253   18.0252627450263     
        4254   18.0396999757071     
        4255   18.0541318254608     
        4256   18.0685685591069     
        4257   18.0830168991101     
        4258   18.0974827798083     
        4259   18.1119702101577     
        4260   18.1264810303776     
        4261   18.1410165781032     
        4262   18.1555758569063     
        4263   18.1701548243244     
        4264   18.1847503791218     
        4265   18.1993568194143     
        4266   18.2139679664937     
        4267   18.2285762653817     
        4268   18.2431731848783     
        4269   18.2577484788625     
        4270   18.2722934059953     
        4271   18.2867967673103     
        4272   18.3012474475663     
        4273   18.3156360773920     
        4274   18.3299496824907     
        4275   18.3441795257303     
        4276   18.3583132342501     
        4277   18.3723402725533     
        4278   18.3862520413257     
        4279   18.4000383904917     
        4280   18.4136904496533     
        4281   18.4272016286168     
        4282   18.4405664682743     
        4283   18.4537814474090     
        4284   18.4668450346700     
        4285   18.4797584518708     
        4286   18.4925246990613     
        4287   18.5051497452058     
        4288   18.5176415047740     
        4289   18.5300101288627     
        4290   18.5422678153185     
        4291   18.5544277995564     
        4292   18.5665052422011     
